2.8607277e-06	4.2
2.93601e-06	4.3541667
2.7101631e-06	5.1791667
2.7603513e-06	5.3625
2.7603513e-06	5.4375
2.8105395e-06	5.3833333
3.161857e-06	5.4083333
2.9109159e-06	5.5416667
2.8356336e-06	5.8208333
3.1869511e-06	5.9916667
2.7352572e-06	5.7541667
3.3626098e-06	5.5791667
3.1869511e-06	5.4708333
2.7352572e-06	5.525
2.7603513e-06	5.8208333
1.6386449e-06	5.6916667
3.7390213e-06	6.325
2.2534504e-06	6.5208333
2.7854454e-06	6.5
2.5595985e-06	6.7875
2.7101631e-06	6.9666667
2.3262233e-06	7.0875
2.4918444e-06	7.2125
2.3287327e-06	8.2083333
2.4567127e-06	8.0375
2.8105395e-06	7.6416667
3.5382685e-06	7.7291667
2.489335e-06	7.6583333
2.3212045e-06	8.7333333
2.7352572e-06	8.7958333
2.6097867e-06	9.6458333
2.5345044e-06	9.9
1.9899624e-06	9.7
2.1882058e-06	10.266667
2.4316186e-06	10.0875
2.2559598e-06	10.204167
1.7465496e-06	10.191667
2.7352572e-06	10.029167
2.2659975e-06	9.9
2.4717691e-06	10.8
1.8444166e-06	10.45
2.7854454e-06	10.383333
3.1116688e-06	12.066667
2.6599749e-06	12.4875
4.5169385e-06	10.545833
9.3601004e-06	10.7125
7.2521957e-06	11.7
3.8393977e-06	11.883333
3.0112923e-06	12.620833
2.8858218e-06	13.670833
2.93601e-06	13.5375
4.1656211e-06	14.35
2.8858218e-06	16.075
2.4391468e-06	16.7625
2.6097867e-06	17.4125
3.6888331e-06	19.5
9.7114178e-06	19.258333
6.4742785e-06	18.645833
3.0112923e-06	18.766667
2.1706399e-06	17.866667
3.1116688e-06	18.416667
3.663739e-06	20.5375
3.0614806e-06	22
2.6097867e-06	22.545833
2.4115433e-06	22.791667
2.1781681e-06	21.2875
2.1555834e-06	21.170833
1.5558344e-06	21.629167
4.1154329e-06	21.0125
6.8757842e-06	19.7
5.4705144e-06	20.358333
2.9861982e-06	19.825
2.3036386e-06	19.5125
2.183187e-06	19.504167
2.3262233e-06	19.9375
2.195734e-06	20.8625
2.1982434e-06	21.366667
2.2082811e-06	22.375
2.1104141e-06	23.254167
2.2283563e-06	23.729167
2.7603513e-06	23.3625
3.0112923e-06	22.825
2.4818068e-06	22.579167
2.097867e-06	23.345833
2.8858218e-06	23.129167
4.2158093e-06	23.625
3.5884567e-06	24.441667
2.2258469e-06	23.566667
2.1606023e-06	23.633333
2.2107905e-06	24.429167
2.1154329e-06	25.641667
2.0677541e-06	28.004167
1.9974906e-06	28.079167
1.9322459e-06	29.041667
1.9548306e-06	29.483333
2.8105395e-06	29.654167
3.3626098e-06	28.5
3.161857e-06	28.3125
7.6537014e-06	27.2625
9.033877e-06	26.9
4.8180678e-06	26.641667
2.685069e-06	27.0625
2.5345044e-06	26.175
4.0150565e-06	25.695833
3.8644918e-06	26.079167
4.5169385e-06	26.1875
2.9611041e-06	25.7625
3.412798e-06	25.975
2.8858218e-06	26.145833
2.2459222e-06	25.941667
2.6599749e-06	25.675
2.3412798e-06	25.8125
1.9422836e-06	26.2
1.9071518e-06	26.241667
2.2735257e-06	26.35
4.2659975e-06	26.616667
3.3124216e-06	26.325
3.2873275e-06	26.966667
2.6348808e-06	26.75
2.2785445e-06	25.754167
2.1681305e-06	25.870833
2.4190715e-06	25.708333
2.4441656e-06	24.766667
2.195734e-06	24.025
2.1104141e-06	23.833333
2.0677541e-06	24.283333
1.9397742e-06	23.845833
2.0501882e-06	23.954167
2.7352572e-06	24.516667
3.3375157e-06	24.3375
2.8105395e-06	25.0875
2.4115433e-06	25.579167
2.4542033e-06	24.5375
2.1756587e-06	24.8125
2.0803011e-06	24.6375
2.2760351e-06	24.591667
2.378921e-06	24.841667
2.3212045e-06	24.841667
1.9598494e-06	25.266667
2.1204517e-06	24.6875
2.1355082e-06	24.641667
2e-06	24.666667
2.1480552e-06	25.379167
1.9297365e-06	26.358333
1.5432873e-06	26.045833
1.6988708e-06	25.7
2.5094103e-06	25.741667
2.8858218e-06	25.7625
2.9861982e-06	25.3
2.4843162e-06	24.9625
1.9523212e-06	24.075
1.6562108e-06	23.616667
1.7641154e-06	23.391667
2.7101631e-06	23.0875
2.5595985e-06	22.558333
2.3011292e-06	22.416667
1.8143036e-06	22.045833
2.7854454e-06	21.604167
2.3989962e-06	20.925
2.5018821e-06	20.004167
2.7854454e-06	19.045833
3.2371393e-06	18.6125
4.4416562e-06	18.375
4.9435383e-06	18.525
3.3375157e-06	18.929167
2.3161857e-06	18.520833
2.9861982e-06	18.816667
2.4717691e-06	18.9625
2.2584693e-06	18.766667
2.1380176e-06	18.3875
2.1681305e-06	18.095833
2.1756587e-06	17.9625
2.3212045e-06	18.6625
2.1104141e-06	19.320833
2.1028858e-06	18.654167
1.8845671e-06	18.275
1.8745295e-06	18.4125
2.8105395e-06	18.708333
2.4115433e-06	18.316667
2.2559598e-06	17.745833
2.3136763e-06	17.333333
2.3337516e-06	16.8125
2.1731493e-06	16.575
2.140527e-06	16.095833
2.1681305e-06	15.733333
1.3375157e-06	15.4
2.5846926e-06	15.220833
2.5043915e-06	15.183333
1.9974906e-06	15.704167
1.6235885e-06	15.283333
2.6348808e-06	15.5125
1.944793e-06	15.179167
1.9673777e-06	15.0625
2.2007528e-06	14.783333
1.6185696e-06	14.633333
2.7352572e-06	14.304167
1.9272271e-06	13.933333
1.7766625e-06	13.441667
2.8858218e-06	13.225
2.04266e-06	12.875
2.0627353e-06	12.4375
2.1329987e-06	12.454167
2.7854454e-06	12.266667
7.4529486e-06	11.970833
1.0915935e-05	11.6375
7.1769134e-06	11.245833
3.663739e-06	10.866667
2.4717691e-06	10.758333
2.9109159e-06	10.3875
2.8607277e-06	10.0875
2.2584693e-06	9.8625
1.7440402e-06	9.6875
3.2120452e-06	9.4625
2.1907152e-06	8.9625
2.3437892e-06	8.8916667
2.3212045e-06	9.0875
2.3437892e-06	9.6083333
2.0476788e-06	9.65
2.097867e-06	9.4708333
2.4391468e-06	9.5666667
1.816813e-06	9.8666667
1.4981179e-06	9.9875
5.9473024e-06	9.8083333
4.2158093e-06	9.6375
2.8858218e-06	9.4416667
2.4717691e-06	9.0708333
2.4868256e-06	8.9208333
3.6888331e-06	8.4583333
2.6348808e-06	8.0791667
1.412798e-06	7.85
3.6888331e-06	7.7666667
2.8607277e-06	7.6708333
2.5595985e-06	7.62
