"",23.000
93.0000,0.0000E+000
94.0000,3.2455E+002
95.0000,2.2141E+002
96.0000,2.2841E+002
97.0000,3.1783E+002
98.0000,2.7508E+002
99.0000,2.4612E+002
100.0000,2.8376E+002
101.0000,2.9176E+002
102.0000,3.4121E+002
103.0000,3.1673E+002
104.0000,2.0944E+002
105.0000,2.2207E+002
106.0000,2.3500E+002
107.0000,2.7357E+002
108.0000,2.5848E+002
109.0000,2.9024E+002
110.0000,2.1902E+002
111.0000,2.0842E+002
112.0000,2.9338E+002
113.0000,2.9673E+002
114.0000,2.9245E+002
115.0000,2.5998E+002
116.0000,2.3578E+002
117.0000,2.4534E+002
118.0000,2.8595E+002
119.0000,3.0997E+002
120.0000,2.5139E+002
121.0000,2.4311E+002
122.0000,3.4937E+002
123.0000,2.6285E+002
124.0000,2.3255E+002
125.0000,2.8790E+002
126.0000,2.5868E+002
127.0000,2.4760E+002
128.0000,2.2532E+002
129.0000,2.0145E+002
130.0000,2.8415E+002
131.0000,2.8014E+002
132.0000,2.2208E+002
133.0000,2.3357E+002
134.0000,3.5891E+002
135.0000,3.5749E+002
136.0000,2.7691E+002
137.0000,3.5061E+002
138.0000,3.3659E+002
139.0000,3.4768E+002
140.0000,3.5568E+002
141.0000,3.1476E+002
142.0000,3.6022E+002
143.0000,3.6991E+002
144.0000,3.1991E+002
145.0000,3.4249E+002
146.0000,3.7675E+002
147.0000,3.4409E+002
148.0000,3.9118E+002
149.0000,3.4133E+002
150.0000,2.7612E+002
151.0000,2.5807E+002
152.0000,2.8346E+002
153.0000,3.4188E+002
154.0000,4.0106E+002
155.0000,3.3261E+002
156.0000,3.4971E+002
157.0000,3.2921E+002
158.0000,3.2820E+002
159.0000,3.1693E+002
160.0000,3.1894E+002
161.0000,3.9802E+002
162.0000,2.8733E+002
163.0000,2.8834E+002
164.0000,2.8953E+002
165.0000,2.5994E+002
166.0000,2.5621E+002
167.0000,2.7653E+002
168.0000,3.0509E+002
169.0000,3.1237E+002
170.0000,3.2463E+002
171.0000,3.9439E+002
172.0000,3.4133E+002
173.0000,3.7890E+002
174.0000,3.6264E+002
175.0000,2.9781E+002
176.0000,3.1607E+002
177.0000,3.2448E+002
178.0000,3.5422E+002
179.0000,3.4397E+002
180.0000,3.8862E+002
181.0000,4.0215E+002
182.0000,3.6517E+002
183.0000,3.5503E+002
184.0000,3.3808E+002
185.0000,3.4056E+002
186.0000,3.4121E+002
187.0000,3.5154E+002
188.0000,3.6796E+002
189.0000,3.8745E+002
190.0000,3.6564E+002
191.0000,3.9904E+002
192.0000,3.3390E+002
193.0000,3.5157E+002
194.0000,3.1400E+002
195.0000,3.2750E+002
196.0000,4.0716E+002
197.0000,3.4043E+002
198.0000,3.1807E+002
199.0000,3.7253E+002
200.0000,3.9628E+002
201.0000,3.1523E+002
202.0000,3.3479E+002
203.0000,3.8774E+002
204.0000,3.2582E+002
205.0000,3.5194E+002
206.0000,3.5717E+002
207.0000,3.8399E+002
208.0000,4.1602E+002
209.0000,3.2092E+002
210.0000,3.5296E+002
211.0000,3.4647E+002
212.0000,3.0932E+002
213.0000,3.4934E+002
214.0000,3.5593E+002
215.0000,3.1528E+002
216.0000,2.8814E+002
217.0000,2.9353E+002
218.0000,3.0537E+002
219.0000,3.1460E+002
220.0000,3.4255E+002
221.0000,3.8475E+002
222.0000,3.8189E+002
223.0000,3.3213E+002
224.0000,3.0121E+002
225.0000,3.1730E+002
226.0000,3.3063E+002
227.0000,3.4192E+002
228.0000,3.0345E+002
229.0000,3.1937E+002
230.0000,3.0706E+002
231.0000,2.9349E+002
232.0000,3.1441E+002
233.0000,3.3316E+002
234.0000,3.3029E+002
235.0000,3.6834E+002
236.0000,3.5062E+002
237.0000,3.8721E+002
238.0000,3.5484E+002
239.0000,3.5704E+002
240.0000,3.8992E+002
241.0000,3.3678E+002
242.0000,3.1192E+002
243.0000,3.4177E+002
244.0000,2.9799E+002
245.0000,3.7832E+002
246.0000,3.0744E+002
247.0000,2.6547E+002
248.0000,3.5297E+002
249.0000,3.1657E+002
250.0000,3.1634E+002
251.0000,3.5201E+002
252.0000,3.5406E+002
253.0000,3.6034E+002
254.0000,3.5527E+002
255.0000,3.9095E+002
256.0000,3.0506E+002
257.0000,2.9700E+002
258.0000,3.1056E+002
259.0000,3.0476E+002
260.0000,3.6665E+002
261.0000,3.4927E+002
262.0000,2.4896E+002
263.0000,2.6759E+002
264.0000,2.7159E+002
265.0000,3.0141E+002
266.0000,2.9630E+002
267.0000,3.1004E+002
268.0000,3.3593E+002
269.0000,3.3669E+002
270.0000,3.4358E+002
271.0000,3.2940E+002
272.0000,3.1352E+002
273.0000,2.6851E+002
274.0000,2.7217E+002
275.0000,2.9225E+002
276.0000,3.1788E+002
277.0000,3.0787E+002
278.0000,2.3064E+002
279.0000,3.0117E+002
280.0000,3.1532E+002
281.0000,2.6559E+002
282.0000,2.8315E+002
283.0000,3.3302E+002
284.0000,2.6909E+002
285.0000,3.1631E+002
286.0000,2.4726E+002
287.0000,2.6440E+002
288.0000,2.6184E+002
289.0000,2.3103E+002
290.0000,2.2597E+002
291.0000,3.3920E+002
292.0000,2.6467E+002
293.0000,3.1078E+002
294.0000,2.7934E+002
295.0000,3.3016E+002
296.0000,3.5326E+002
297.0000,2.0796E+002
298.0000,2.8780E+002
299.0000,2.8421E+002
300.0000,2.6288E+002
301.0000,2.0214E+002
302.0000,2.3683E+002
303.0000,2.6804E+002
304.0000,2.2040E+002
305.0000,2.8992E+002
306.0000,2.1245E+002
307.0000,2.4455E+002
308.0000,2.6413E+002
309.0000,2.9024E+002
310.0000,2.7439E+002
311.0000,2.9016E+002
312.0000,2.8434E+002
313.0000,3.2330E+002
314.0000,3.4408E+002
315.0000,2.2107E+002
316.0000,2.2229E+002
317.0000,2.2946E+002
318.0000,2.0178E+002
319.0000,3.3487E+002
320.0000,1.9724E+002
321.0000,2.0077E+002
322.0000,2.6672E+002
323.0000,2.4592E+002
324.0000,2.8545E+002
325.0000,2.1376E+002
