"",23.000
93.0000,0.0000E+000
94.0000,-2.7946E+001
95.0000,-2.7706E+001
96.0000,-3.9521E+001
97.0000,-1.6298E+001
98.0000,-1.0887E+001
99.0000,-1.1066E+002
100.0000,-1.4744E+002
101.0000,-7.8049E+001
102.0000,-5.1701E+001
103.0000,-1.9895E+002
104.0000,-1.5259E+002
105.0000,-1.1226E+002
106.0000,-1.1645E+002
107.0000,-1.0490E+002
108.0000,-1.1512E+002
109.0000,-1.1384E+002
110.0000,-1.0368E+002
111.0000,-1.8803E+002
112.0000,-1.0189E+002
113.0000,-6.2585E+001
114.0000,-7.7127E+001
115.0000,-1.0769E+002
116.0000,-1.3666E+002
117.0000,-1.3682E+002
118.0000,-8.2546E+001
119.0000,-8.7343E+001
120.0000,-2.3811E+002
121.0000,-9.0179E+001
122.0000,-1.2240E+002
123.0000,-1.2274E+002
124.0000,-1.5907E+002
125.0000,-1.7525E+002
126.0000,-1.3322E+002
127.0000,-1.4019E+002
128.0000,-1.6644E+002
129.0000,-1.5709E+002
130.0000,-1.3318E+002
131.0000,-1.4662E+002
132.0000,-1.6803E+002
133.0000,-1.2725E+002
134.0000,-1.4645E+002
135.0000,-1.8263E+001
136.0000,-1.2360E+002
137.0000,-1.4776E+002
138.0000,-1.6108E+002
139.0000,-1.6339E+002
140.0000,-9.5922E+001
141.0000,-1.1091E+002
142.0000,-7.3367E+001
143.0000,-6.8908E+001
144.0000,-5.5388E+001
145.0000,-5.9098E+001
146.0000,-6.4659E+001
147.0000,-8.5430E+001
148.0000,-6.4106E+001
149.0000,-1.5748E+002
150.0000,-1.8874E+002
151.0000,-1.6440E+002
152.0000,-1.7972E+002
153.0000,-1.1348E+002
154.0000,-3.4079E+001
155.0000,-1.2226E+002
156.0000,-1.3051E+002
157.0000,-1.4160E+002
158.0000,-1.8864E+002
159.0000,-1.5291E+002
160.0000,-1.5023E+002
161.0000,-1.3052E+002
162.0000,-1.9898E+002
163.0000,-1.6858E+002
164.0000,-1.6002E+002
165.0000,-1.9296E+002
166.0000,-1.8355E+002
167.0000,-1.7130E+002
168.0000,-1.3476E+002
169.0000,-1.2589E+002
170.0000,-1.1578E+002
171.0000,-4.5688E+001
172.0000,-1.0710E+002
173.0000,-1.0290E+002
174.0000,-1.2536E+002
175.0000,-1.6568E+002
176.0000,-1.2760E+002
177.0000,-1.2968E+002
178.0000,-7.9988E+001
179.0000,-7.1129E+001
180.0000,-6.2060E+001
181.0000,-4.7248E+001
182.0000,-7.7277E+001
183.0000,-9.9646E+001
184.0000,-8.3347E+001
185.0000,-1.1984E+002
186.0000,-1.1627E+002
187.0000,-1.6440E+002
188.0000,-1.4065E+002
189.0000,-1.0327E+002
190.0000,-1.2267E+002
191.0000,-9.0818E+001
192.0000,-1.2969E+002
193.0000,-1.1911E+002
194.0000,-1.1988E+002
195.0000,-1.6143E+002
196.0000,-5.9366E+001
197.0000,-1.2209E+002
198.0000,-1.5023E+002
199.0000,-8.2846E+001
200.0000,-4.8809E+001
201.0000,-1.4951E+002
202.0000,-1.0110E+002
203.0000,-9.3208E+001
204.0000,-1.3602E+002
205.0000,-8.6825E+001
206.0000,-5.7869E+001
207.0000,-1.2624E+001
208.0000,-4.0712E+000
209.0000,-8.8194E+001
210.0000,-5.1368E+001
211.0000,-5.7636E+001
212.0000,-9.0800E+001
213.0000,-4.3131E+001
214.0000,-8.5224E+001
215.0000,-1.0106E+002
216.0000,-9.6424E+001
217.0000,-9.8207E+001
218.0000,-9.3774E+001
219.0000,-9.6935E+001
220.0000,-6.4261E+001
221.0000,-8.8229E+000
222.0000,2.7738E+000
223.0000,-6.0887E+001
224.0000,-9.3328E+001
225.0000,-8.1988E+001
226.0000,-5.0611E+001
227.0000,-6.0844E+001
228.0000,-8.0521E+001
229.0000,-6.1457E+001
230.0000,-7.3635E+001
231.0000,-5.7741E+001
232.0000,-7.5450E+001
233.0000,-6.2298E+001
234.0000,-6.1075E+001
235.0000,-3.5254E+001
236.0000,-9.9071E+000
237.0000,-1.1011E+001
238.0000,-4.2343E+001
239.0000,-3.1680E+001
240.0000,-1.4986E+000
241.0000,-3.5052E+001
242.0000,-6.5407E+001
243.0000,-6.1253E+001
244.0000,-5.4957E+001
245.0000,-1.2343E+001
246.0000,-8.1517E+001
247.0000,-8.4744E+001
248.0000,-5.6434E+001
249.0000,-6.1416E+001
250.0000,5.7925E+000
251.0000,-8.9637E+001
252.0000,-7.0803E+001
253.0000,-4.8694E+001
254.0000,-2.7283E+001
255.0000,1.2979E+000
256.0000,-1.5462E+001
257.0000,-2.2063E+001
258.0000,-2.2802E+001
259.0000,-1.8474E+001
260.0000,-1.3997E+001
261.0000,-3.5517E+001
262.0000,-8.6322E+001
263.0000,-8.5391E+001
264.0000,-7.4293E+001
265.0000,-3.3909E+001
266.0000,-2.6796E+001
267.0000,-2.0830E+001
268.0000,-1.0181E+001
269.0000,-5.4845E+000
270.0000,1.2887E+001
271.0000,-4.4149E+001
272.0000,-5.6095E+001
273.0000,-6.0192E+001
274.0000,-7.5062E+001
275.0000,-6.0348E+001
276.0000,-4.5289E+001
277.0000,-3.8691E+001
278.0000,-8.3007E+001
279.0000,-7.7705E+001
280.0000,-3.2131E+001
281.0000,-4.4363E+001
282.0000,-5.0565E+001
283.0000,3.0788E+001
284.0000,-3.9485E+001
285.0000,1.3365E+001
286.0000,-7.1062E+001
287.0000,-6.4497E+001
288.0000,-9.3037E+001
289.0000,-8.5826E+001
290.0000,-6.9315E+001
291.0000,-2.1615E+001
292.0000,-6.8103E+001
293.0000,-4.8873E+001
294.0000,-3.6229E+001
295.0000,-3.3741E+001
296.0000,-1.1789E+001
297.0000,-6.9331E+001
298.0000,-7.1286E+001
299.0000,-7.5325E+001
300.0000,-5.4281E+001
301.0000,-7.4271E+001
302.0000,-6.3764E+001
303.0000,-4.9600E+001
304.0000,-6.2504E+001
305.0000,-1.3273E+002
306.0000,-6.8767E+001
307.0000,-5.6855E+001
308.0000,-1.8304E+001
309.0000,-1.2220E+001
310.0000,-1.1318E+001
311.0000,1.2095E+001
312.0000,-5.6723E+000
313.0000,5.6174E+001
314.0000,4.4209E+001
315.0000,-1.3458E+002
316.0000,-5.5147E+001
317.0000,-8.4994E+001
318.0000,-7.6271E+001
319.0000,-4.2439E+001
320.0000,-8.7806E+001
321.0000,-9.1797E+001
322.0000,-5.4498E+001
323.0000,-8.5984E+001
324.0000,-9.1768E+000
325.0000,-4.8562E+001
