"",25.000
123.0000,0.0000E+000
124.0000,2.8179E+002
125.0000,2.4066E+002
126.0000,3.2797E+002
127.0000,3.2949E+002
128.0000,3.5924E+002
129.0000,2.5042E+002
130.0000,3.1758E+002
131.0000,3.6182E+002
132.0000,3.7725E+002
133.0000,2.5704E+002
134.0000,3.2091E+002
135.0000,2.9797E+002
136.0000,2.8565E+002
137.0000,2.4571E+002
138.0000,2.6138E+002
139.0000,3.5927E+002
140.0000,3.5155E+002
141.0000,2.7721E+002
142.0000,3.1995E+002
143.0000,2.7448E+002
144.0000,2.8142E+002
145.0000,3.4042E+002
146.0000,3.7534E+002
147.0000,3.4955E+002
148.0000,3.3599E+002
149.0000,2.8079E+002
150.0000,2.9231E+002
151.0000,3.6765E+002
152.0000,3.8312E+002
153.0000,3.1976E+002
154.0000,3.4570E+002
155.0000,2.7989E+002
156.0000,2.9761E+002
157.0000,3.2511E+002
158.0000,3.1956E+002
159.0000,2.9068E+002
160.0000,3.1203E+002
161.0000,3.8623E+002
162.0000,3.0709E+002
163.0000,2.6201E+002
164.0000,2.6825E+002
165.0000,3.2989E+002
166.0000,3.1741E+002
167.0000,4.1094E+002
168.0000,3.8673E+002
169.0000,3.8902E+002
170.0000,3.9892E+002
171.0000,3.4327E+002
172.0000,3.2405E+002
173.0000,3.7658E+002
174.0000,3.9585E+002
175.0000,4.0170E+002
176.0000,3.5266E+002
177.0000,3.4532E+002
178.0000,3.5064E+002
179.0000,3.8967E+002
180.0000,4.0053E+002
181.0000,3.7189E+002
182.0000,3.6155E+002
183.0000,2.9438E+002
184.0000,3.0459E+002
185.0000,2.8857E+002
186.0000,3.3620E+002
187.0000,3.6227E+002
188.0000,3.6798E+002
189.0000,3.0875E+002
190.0000,3.2463E+002
191.0000,3.1206E+002
192.0000,3.6116E+002
193.0000,3.4743E+002
194.0000,3.0567E+002
195.0000,3.2169E+002
196.0000,3.2229E+002
197.0000,3.6284E+002
198.0000,3.4871E+002
199.0000,3.6260E+002
200.0000,3.1374E+002
201.0000,3.3478E+002
202.0000,3.8231E+002
203.0000,3.3818E+002
204.0000,3.4978E+002
205.0000,3.0795E+002
206.0000,3.5560E+002
207.0000,3.4009E+002
208.0000,3.4833E+002
209.0000,3.5843E+002
210.0000,3.0788E+002
211.0000,3.0509E+002
212.0000,3.1878E+002
213.0000,3.1960E+002
214.0000,3.3218E+002
215.0000,3.4278E+002
216.0000,3.3793E+002
217.0000,3.1077E+002
218.0000,3.1038E+002
219.0000,3.1157E+002
220.0000,3.3297E+002
221.0000,3.1869E+002
222.0000,3.6317E+002
223.0000,3.3406E+002
224.0000,2.8727E+002
225.0000,2.9758E+002
226.0000,2.8876E+002
227.0000,3.4649E+002
228.0000,3.9034E+002
229.0000,3.5371E+002
230.0000,3.9157E+002
231.0000,3.3601E+002
232.0000,3.6323E+002
233.0000,4.0302E+002
234.0000,3.8075E+002
235.0000,3.7713E+002
236.0000,3.6335E+002
237.0000,3.7914E+002
238.0000,3.7671E+002
239.0000,3.1533E+002
240.0000,3.6456E+002
241.0000,3.8676E+002
242.0000,3.6938E+002
243.0000,3.4709E+002
244.0000,3.4633E+002
245.0000,3.0918E+002
246.0000,3.8164E+002
247.0000,3.9951E+002
248.0000,3.2656E+002
249.0000,2.9072E+002
250.0000,2.9517E+002
251.0000,3.3714E+002
252.0000,3.9394E+002
253.0000,3.0607E+002
254.0000,3.4254E+002
255.0000,2.7691E+002
256.0000,2.4399E+002
257.0000,2.8558E+002
258.0000,2.5820E+002
259.0000,2.6494E+002
260.0000,3.2359E+002
261.0000,2.7782E+002
262.0000,3.3036E+002
263.0000,3.0890E+002
264.0000,2.5159E+002
265.0000,2.7448E+002
266.0000,2.8398E+002
267.0000,3.3826E+002
268.0000,2.8927E+002
269.0000,3.1234E+002
270.0000,3.3051E+002
271.0000,3.2030E+002
272.0000,2.6407E+002
273.0000,2.8009E+002
274.0000,3.5886E+002
275.0000,3.8147E+002
276.0000,3.0779E+002
277.0000,3.0610E+002
278.0000,3.1787E+002
279.0000,3.2089E+002
280.0000,2.5969E+002
281.0000,2.9524E+002
282.0000,2.4260E+002
283.0000,2.8713E+002
284.0000,2.3456E+002
285.0000,3.6070E+002
286.0000,3.7416E+002
287.0000,3.5633E+002
288.0000,3.4435E+002
289.0000,2.7406E+002
290.0000,2.8158E+002
291.0000,2.3167E+002
292.0000,2.7124E+002
293.0000,2.7598E+002
294.0000,2.2889E+002
295.0000,2.4038E+002
296.0000,2.9005E+002
297.0000,3.0581E+002
298.0000,2.3632E+002
299.0000,3.2578E+002
300.0000,3.4436E+002
301.0000,3.2251E+002
302.0000,2.8753E+002
303.0000,2.7640E+002
304.0000,1.9477E+002
305.0000,2.0601E+002
306.0000,2.5775E+002
307.0000,3.6594E+002
308.0000,2.2940E+002
309.0000,3.3601E+002
310.0000,2.8735E+002
311.0000,3.2184E+002
312.0000,2.4748E+002
313.0000,3.0927E+002
314.0000,3.1751E+002
315.0000,2.1926E+002
316.0000,2.3684E+002
317.0000,1.9429E+002
318.0000,1.7592E+002
319.0000,2.7812E+002
320.0000,2.0611E+002
321.0000,2.0848E+002
322.0000,2.5320E+002
323.0000,2.3296E+002
324.0000,1.6014E+002
325.0000,2.9817E+002
326.0000,2.9498E+002
327.0000,3.3972E+002
328.0000,2.7465E+002
329.0000,1.8645E+002
330.0000,2.6969E+002
331.0000,2.2498E+002
332.0000,2.5106E+002
333.0000,2.5132E+002
334.0000,1.9424E+002
335.0000,1.6898E+002
336.0000,1.9734E+002
337.0000,1.8673E+002
338.0000,2.7315E+002
339.0000,2.3438E+002
340.0000,1.9791E+002
341.0000,2.9979E+002
342.0000,2.9292E+002
343.0000,2.0627E+002
344.0000,2.1012E+002
345.0000,2.1513E+002
346.0000,2.3481E+002
347.0000,2.7336E+002
348.0000,2.9343E+002
349.0000,3.3782E+002
350.0000,2.4705E+002
351.0000,2.0077E+002
352.0000,2.1929E+002
353.0000,2.1976E+002
354.0000,3.0075E+002
355.0000,2.7042E+002
356.0000,3.2826E+002
357.0000,2.5432E+002
358.0000,2.8559E+002
359.0000,2.3501E+002
360.0000,3.1809E+002
361.0000,1.9347E+002
362.0000,2.1367E+002
363.0000,1.6373E+002
364.0000,1.4377E+002
365.0000,1.6648E+002
366.0000,2.1755E+002
367.0000,2.7170E+002
368.0000,2.9727E+002
369.0000,0.0000E+000
370.0000,0.0000E+000
371.0000,0.0000E+000
372.0000,0.0000E+000
373.0000,0.0000E+000
374.0000,0.0000E+000
375.0000,0.0000E+000
376.0000,0.0000E+000
377.0000,0.0000E+000
378.0000,0.0000E+000
379.0000,0.0000E+000
380.0000,0.0000E+000
381.0000,0.0000E+000
382.0000,0.0000E+000
383.0000,0.0000E+000
384.0000,0.0000E+000
385.0000,0.0000E+000
386.0000,0.0000E+000
387.0000,0.0000E+000
388.0000,0.0000E+000
389.0000,0.0000E+000
390.0000,0.0000E+000
391.0000,0.0000E+000
392.0000,0.0000E+000
393.0000,0.0000E+000
394.0000,0.0000E+000
395.0000,0.0000E+000
396.0000,0.0000E+000
397.0000,0.0000E+000
398.0000,0.0000E+000
399.0000,0.0000E+000
400.0000,0.0000E+000
401.0000,0.0000E+000
402.0000,0.0000E+000
403.0000,0.0000E+000
404.0000,0.0000E+000
405.0000,0.0000E+000
406.0000,0.0000E+000
407.0000,0.0000E+000
408.0000,0.0000E+000
409.0000,0.0000E+000
410.0000,0.0000E+000
411.0000,0.0000E+000
412.0000,0.0000E+000
413.0000,0.0000E+000
414.0000,0.0000E+000
415.0000,0.0000E+000
416.0000,0.0000E+000
417.0000,0.0000E+000
418.0000,0.0000E+000
419.0000,0.0000E+000
420.0000,0.0000E+000
421.0000,0.0000E+000
422.0000,0.0000E+000
423.0000,0.0000E+000
424.0000,0.0000E+000
425.0000,0.0000E+000
426.0000,0.0000E+000
427.0000,0.0000E+000
428.0000,0.0000E+000
429.0000,0.0000E+000
430.0000,0.0000E+000
431.0000,0.0000E+000
432.0000,0.0000E+000
433.0000,0.0000E+000
434.0000,2.2532E+002
435.0000,0.0000E+000
436.0000,2.3480E+002
437.0000,2.4942E+002
438.0000,2.3219E+002
439.0000,2.7053E+002
440.0000,2.5700E+002
441.0000,0.0000E+000
442.0000,2.9078E+002
443.0000,3.0346E+002
444.0000,2.5287E+002
445.0000,0.0000E+000
446.0000,0.0000E+000
447.0000,0.0000E+000
448.0000,0.0000E+000
449.0000,0.0000E+000
450.0000,0.0000E+000
451.0000,0.0000E+000
452.0000,0.0000E+000
453.0000,2.2333E+002
454.0000,2.5427E+002
455.0000,2.4658E+002
456.0000,2.8217E+002
457.0000,2.9252E+002
458.0000,2.0314E+002
459.0000,3.1638E+002
460.0000,2.4391E+002
461.0000,3.2004E+002
462.0000,3.2854E+002
463.0000,3.3799E+002
464.0000,2.8043E+002
465.0000,2.2807E+002
466.0000,2.4937E+002
467.0000,3.5135E+002
468.0000,2.3241E+002
469.0000,2.4870E+002
470.0000,2.6578E+002
471.0000,2.7794E+002
472.0000,3.0560E+002
473.0000,2.7622E+002
474.0000,3.5142E+002
475.0000,2.8605E+002
476.0000,2.7914E+002
477.0000,2.1209E+002
478.0000,2.0905E+002
479.0000,3.2702E+002
480.0000,2.1619E+002
481.0000,2.3437E+002
482.0000,2.4158E+002
483.0000,2.5745E+002
484.0000,2.4565E+002
485.0000,2.4648E+002
486.0000,2.8098E+002
487.0000,2.8122E+002
488.0000,3.8197E+002
489.0000,3.5790E+002
490.0000,2.9806E+002
491.0000,3.1939E+002
492.0000,3.3183E+002
493.0000,3.1661E+002
494.0000,3.1774E+002
495.0000,3.4560E+002
496.0000,3.2443E+002
497.0000,2.7028E+002
498.0000,2.5164E+002
499.0000,3.7249E+002
500.0000,3.1868E+002
501.0000,3.7573E+002
502.0000,3.1443E+002
503.0000,2.9579E+002
504.0000,2.8846E+002
505.0000,2.4222E+002
506.0000,2.6568E+002
507.0000,2.6497E+002
508.0000,3.2358E+002
509.0000,3.9048E+002
510.0000,3.3912E+002
511.0000,3.1957E+002
512.0000,3.1040E+002
513.0000,3.4202E+002
514.0000,3.7970E+002
515.0000,2.3266E+002
516.0000,2.3354E+002
517.0000,2.4799E+002
518.0000,2.9136E+002
519.0000,3.6857E+002
520.0000,3.3074E+002
521.0000,2.7738E+002
522.0000,3.2436E+002
523.0000,3.6370E+002
524.0000,3.1405E+002
525.0000,3.4889E+002
526.0000,3.1023E+002
527.0000,3.7347E+002
528.0000,3.4118E+002
529.0000,4.0161E+002
530.0000,3.8659E+002
531.0000,3.0414E+002
532.0000,3.2375E+002
533.0000,3.6510E+002
534.0000,3.0980E+002
535.0000,2.8333E+002
536.0000,3.5172E+002
537.0000,3.2694E+002
538.0000,3.1925E+002
539.0000,3.0679E+002
540.0000,3.7197E+002
541.0000,3.4162E+002
542.0000,3.2249E+002
543.0000,2.9691E+002
544.0000,3.5902E+002
545.0000,3.5053E+002
546.0000,3.1284E+002
547.0000,2.7561E+002
548.0000,2.7887E+002
549.0000,3.0602E+002
550.0000,3.2665E+002
551.0000,3.3152E+002
552.0000,3.6788E+002
553.0000,3.5567E+002
554.0000,3.5153E+002
555.0000,3.5408E+002
556.0000,3.2255E+002
557.0000,3.4640E+002
558.0000,4.0103E+002
559.0000,3.6298E+002
560.0000,3.1094E+002
561.0000,3.0766E+002
562.0000,4.0045E+002
563.0000,3.7444E+002
564.0000,3.8769E+002
565.0000,3.1600E+002
566.0000,3.1621E+002
567.0000,3.0675E+002
568.0000,3.3680E+002
569.0000,3.1825E+002
570.0000,3.8217E+002
571.0000,3.3995E+002
572.0000,3.4123E+002
573.0000,3.4599E+002
574.0000,4.0072E+002
575.0000,3.1056E+002
576.0000,3.1851E+002
577.0000,3.0415E+002
578.0000,3.2855E+002
579.0000,3.1252E+002
580.0000,2.9865E+002
581.0000,2.9959E+002
582.0000,3.2564E+002
583.0000,3.5272E+002
584.0000,3.6159E+002
585.0000,3.7460E+002
586.0000,3.6576E+002
587.0000,3.2883E+002
588.0000,3.0838E+002
589.0000,3.3174E+002
590.0000,3.7025E+002
591.0000,3.8373E+002
592.0000,3.5153E+002
593.0000,3.4746E+002
594.0000,4.0194E+002
595.0000,3.5953E+002
596.0000,3.5730E+002
597.0000,2.9135E+002
598.0000,3.1462E+002
599.0000,3.4462E+002
600.0000,2.7699E+002
601.0000,3.3446E+002
602.0000,3.5904E+002
603.0000,2.9544E+002
604.0000,3.1207E+002
605.0000,3.9212E+002
606.0000,3.2407E+002
607.0000,3.2779E+002
608.0000,3.7005E+002
609.0000,3.6439E+002
610.0000,3.7215E+002
611.0000,3.6373E+002
612.0000,3.7081E+002
613.0000,3.6775E+002
614.0000,3.9584E+002
615.0000,4.1958E+002
616.0000,3.1134E+002
617.0000,3.1292E+002
618.0000,3.1987E+002
619.0000,3.2421E+002
620.0000,2.6508E+002
621.0000,2.8192E+002
622.0000,3.3161E+002
623.0000,3.1838E+002
624.0000,3.3149E+002
625.0000,4.1539E+002
626.0000,3.6312E+002
627.0000,2.7138E+002
628.0000,2.9370E+002
629.0000,2.8959E+002
630.0000,3.2599E+002
631.0000,3.0851E+002
632.0000,3.2527E+002
633.0000,3.1457E+002
634.0000,3.0750E+002
635.0000,3.8769E+002
636.0000,3.8797E+002
637.0000,2.5075E+002
638.0000,2.7514E+002
639.0000,2.5413E+002
640.0000,2.5428E+002
641.0000,2.8751E+002
642.0000,3.5330E+002
643.0000,3.5821E+002
644.0000,3.7079E+002
645.0000,2.8475E+002
646.0000,3.1350E+002
647.0000,2.6499E+002
648.0000,2.9045E+002
649.0000,3.2413E+002
650.0000,3.3856E+002
651.0000,2.4511E+002
652.0000,2.5619E+002
653.0000,3.0127E+002
654.0000,2.4946E+002
655.0000,2.2823E+002
656.0000,2.5949E+002
657.0000,2.9846E+002
658.0000,3.5112E+002
659.0000,2.7479E+002
660.0000,2.9357E+002
661.0000,3.6286E+002
662.0000,2.4515E+002
663.0000,2.7324E+002
664.0000,3.0671E+002
665.0000,3.5766E+002
666.0000,3.0577E+002
667.0000,2.6305E+002
668.0000,3.2250E+002
669.0000,2.5871E+002
670.0000,3.0468E+002
671.0000,2.8092E+002
672.0000,2.8219E+002
673.0000,3.3496E+002
674.0000,3.5050E+002
675.0000,2.6772E+002
676.0000,2.2057E+002
677.0000,2.1851E+002
678.0000,2.2566E+002
679.0000,3.2781E+002
680.0000,3.2374E+002
681.0000,2.9876E+002
682.0000,2.0550E+002
683.0000,2.5111E+002
684.0000,3.3628E+002
685.0000,3.5212E+002
686.0000,3.7805E+002
687.0000,3.0065E+002
688.0000,1.9865E+002
689.0000,2.8104E+002
690.0000,1.6541E+002
691.0000,2.8632E+002
692.0000,2.1849E+002
693.0000,2.2909E+002
694.0000,3.2730E+002
695.0000,3.3490E+002
696.0000,2.4357E+002
697.0000,2.0370E+002
698.0000,3.0763E+002
699.0000,3.1382E+002
700.0000,2.9965E+002
701.0000,2.1759E+002
702.0000,2.2103E+002
703.0000,2.1530E+002
704.0000,2.2579E+002
705.0000,2.4172E+002
706.0000,2.3318E+002
707.0000,3.1313E+002
708.0000,2.7139E+002
709.0000,2.4000E+002
710.0000,3.2604E+002
711.0000,3.3734E+002
712.0000,3.6990E+002
713.0000,3.0253E+002
714.0000,2.4297E+002
715.0000,2.9490E+002
716.0000,2.5572E+002
717.0000,1.9980E+002
718.0000,2.1633E+002
719.0000,3.3059E+002
720.0000,3.1049E+002
721.0000,2.8225E+002
722.0000,2.3809E+002
723.0000,2.3696E+002
724.0000,2.6811E+002
725.0000,2.8951E+002
726.0000,2.1197E+002
727.0000,2.9573E+002
728.0000,2.6040E+002
729.0000,2.7398E+002
730.0000,2.0325E+002
731.0000,1.8491E+002
732.0000,1.8947E+002
733.0000,2.7126E+002
734.0000,1.8113E+002
735.0000,1.9469E+002
736.0000,3.1193E+002
737.0000,3.0356E+002
738.0000,3.1098E+002
739.0000,2.5301E+002
740.0000,1.3996E+002
741.0000,2.4935E+002
742.0000,1.5479E+002
743.0000,2.2137E+002
744.0000,2.3383E+002
745.0000,2.2011E+002
746.0000,2.1882E+002
747.0000,0.0000E+000
748.0000,0.0000E+000
749.0000,0.0000E+000
750.0000,0.0000E+000
751.0000,0.0000E+000
752.0000,0.0000E+000
753.0000,0.0000E+000
754.0000,0.0000E+000
755.0000,0.0000E+000
756.0000,0.0000E+000
757.0000,0.0000E+000
758.0000,0.0000E+000
759.0000,0.0000E+000
760.0000,3.0019E+002
761.0000,0.0000E+000
762.0000,0.0000E+000
763.0000,0.0000E+000
764.0000,0.0000E+000
765.0000,0.0000E+000
766.0000,0.0000E+000
767.0000,0.0000E+000
768.0000,0.0000E+000
769.0000,0.0000E+000
770.0000,0.0000E+000
771.0000,0.0000E+000
772.0000,0.0000E+000
773.0000,0.0000E+000
774.0000,0.0000E+000
775.0000,0.0000E+000
776.0000,0.0000E+000
777.0000,0.0000E+000
778.0000,0.0000E+000
779.0000,2.9308E+002
780.0000,2.3073E+002
781.0000,0.0000E+000
782.0000,0.0000E+000
783.0000,0.0000E+000
784.0000,0.0000E+000
785.0000,0.0000E+000
786.0000,0.0000E+000
787.0000,0.0000E+000
788.0000,2.4530E+002
789.0000,0.0000E+000
790.0000,0.0000E+000
791.0000,0.0000E+000
792.0000,0.0000E+000
793.0000,0.0000E+000
794.0000,3.0704E+002
795.0000,0.0000E+000
796.0000,2.8016E+002
797.0000,2.9067E+002
798.0000,3.4997E+002
799.0000,2.7273E+002
800.0000,2.3158E+002
801.0000,2.3920E+002
802.0000,3.4393E+002
803.0000,3.3241E+002
804.0000,3.0125E+002
805.0000,3.3435E+002
806.0000,2.3707E+002
807.0000,2.7006E+002
808.0000,3.0316E+002
809.0000,2.6663E+002
810.0000,2.8560E+002
811.0000,2.6252E+002
812.0000,2.9562E+002
813.0000,3.1628E+002
814.0000,1.9774E+002
815.0000,2.2049E+002
816.0000,3.0889E+002
817.0000,2.6030E+002
818.0000,2.3278E+002
819.0000,3.1766E+002
820.0000,3.5286E+002
821.0000,2.8038E+002
822.0000,2.1028E+002
823.0000,2.3957E+002
824.0000,2.2770E+002
825.0000,2.7967E+002
826.0000,3.2728E+002
827.0000,3.0160E+002
828.0000,3.0323E+002
829.0000,2.4770E+002
830.0000,3.1260E+002
831.0000,2.5016E+002
832.0000,2.4837E+002
833.0000,2.9809E+002
834.0000,2.4503E+002
835.0000,2.5054E+002
836.0000,2.7806E+002
837.0000,2.8892E+002
838.0000,2.8312E+002
839.0000,3.1440E+002
840.0000,3.4105E+002
841.0000,3.0952E+002
842.0000,3.0782E+002
843.0000,2.5745E+002
844.0000,2.6350E+002
845.0000,3.0441E+002
846.0000,2.9794E+002
847.0000,2.5069E+002
848.0000,3.2278E+002
849.0000,3.3285E+002
850.0000,2.4966E+002
851.0000,3.3958E+002
852.0000,2.5356E+002
853.0000,2.4918E+002
854.0000,3.0201E+002
855.0000,2.3781E+002
856.0000,2.7165E+002
857.0000,3.3655E+002
858.0000,2.5151E+002
859.0000,2.6372E+002
860.0000,3.6203E+002
861.0000,3.5476E+002
862.0000,3.6378E+002
863.0000,3.2200E+002
864.0000,2.9216E+002
865.0000,2.6062E+002
866.0000,2.5941E+002
867.0000,3.1774E+002
868.0000,3.0423E+002
869.0000,2.4464E+002
870.0000,2.6131E+002
871.0000,2.6564E+002
872.0000,2.9016E+002
873.0000,2.8499E+002
874.0000,3.0221E+002
875.0000,3.3378E+002
876.0000,3.4058E+002
877.0000,3.2529E+002
878.0000,3.8249E+002
879.0000,3.7764E+002
880.0000,3.2066E+002
881.0000,3.4515E+002
882.0000,3.9745E+002
883.0000,2.9654E+002
884.0000,2.8647E+002
885.0000,3.1942E+002
886.0000,3.5221E+002
887.0000,2.9999E+002
888.0000,2.9897E+002
889.0000,2.6586E+002
890.0000,2.9708E+002
891.0000,3.5984E+002
892.0000,4.0003E+002
893.0000,3.5598E+002
894.0000,3.1294E+002
895.0000,3.7670E+002
896.0000,4.1597E+002
897.0000,3.3934E+002
898.0000,3.1990E+002
899.0000,3.0523E+002
900.0000,3.1278E+002
901.0000,3.5726E+002
902.0000,2.9764E+002
903.0000,3.2661E+002
904.0000,3.7841E+002
905.0000,2.9974E+002
906.0000,3.3876E+002
907.0000,4.1614E+002
908.0000,3.2012E+002
909.0000,3.7114E+002
910.0000,3.3653E+002
911.0000,3.0900E+002
912.0000,3.1806E+002
913.0000,3.0172E+002
914.0000,2.9677E+002
915.0000,3.1197E+002
916.0000,3.3201E+002
917.0000,4.3083E+002
918.0000,3.7213E+002
919.0000,3.5898E+002
920.0000,3.4589E+002
921.0000,3.2051E+002
922.0000,3.6655E+002
923.0000,3.7955E+002
924.0000,3.1802E+002
925.0000,3.4370E+002
926.0000,3.6269E+002
927.0000,2.9710E+002
928.0000,3.3569E+002
929.0000,3.5066E+002
930.0000,3.3246E+002
931.0000,3.5859E+002
932.0000,3.8324E+002
933.0000,3.9338E+002
934.0000,3.8781E+002
935.0000,4.1235E+002
936.0000,3.4181E+002
937.0000,3.3539E+002
938.0000,3.4861E+002
939.0000,3.6221E+002
940.0000,3.7801E+002
941.0000,3.5963E+002
942.0000,3.2047E+002
943.0000,3.4156E+002
944.0000,3.5335E+002
945.0000,4.0788E+002
946.0000,3.6477E+002
947.0000,4.0529E+002
948.0000,3.2260E+002
949.0000,3.1595E+002
950.0000,3.0843E+002
951.0000,3.4725E+002
952.0000,3.6513E+002
953.0000,3.6612E+002
954.0000,4.3043E+002
955.0000,3.9556E+002
956.0000,3.3151E+002
957.0000,3.4278E+002
958.0000,3.7534E+002
959.0000,3.6876E+002
960.0000,3.8408E+002
961.0000,4.0360E+002
962.0000,4.0026E+002
963.0000,3.0001E+002
964.0000,2.9238E+002
965.0000,3.1566E+002
966.0000,3.9161E+002
967.0000,3.6547E+002
968.0000,3.1360E+002
969.0000,3.8290E+002
970.0000,3.4236E+002
971.0000,3.5924E+002
972.0000,3.7823E+002
973.0000,3.3362E+002
974.0000,3.7875E+002
975.0000,2.9039E+002
976.0000,2.8528E+002
977.0000,3.0514E+002
978.0000,3.5630E+002
979.0000,3.7618E+002
980.0000,4.2193E+002
981.0000,3.9194E+002
982.0000,3.0753E+002
983.0000,3.6771E+002
984.0000,2.8683E+002
985.0000,2.9234E+002
986.0000,3.7071E+002
987.0000,3.5750E+002
988.0000,3.0638E+002
989.0000,3.6619E+002
990.0000,3.4065E+002
991.0000,3.1786E+002
992.0000,3.0789E+002
993.0000,3.2701E+002
994.0000,3.3448E+002
995.0000,3.6722E+002
996.0000,3.6843E+002
997.0000,3.3668E+002
998.0000,3.2754E+002
999.0000,2.9045E+002
1000.0000,2.5969E+002
1001.0000,3.4797E+002
1002.0000,2.8233E+002
1003.0000,2.9811E+002
1004.0000,3.8026E+002
1005.0000,3.0430E+002
1006.0000,2.9777E+002
1007.0000,3.4911E+002
1008.0000,3.7825E+002
1009.0000,2.8647E+002
1010.0000,3.9661E+002
1011.0000,2.4902E+002
1012.0000,3.0458E+002
1013.0000,2.7040E+002
1014.0000,3.6807E+002
1015.0000,3.1541E+002
1016.0000,2.5875E+002
1017.0000,2.3111E+002
1018.0000,2.9120E+002
1019.0000,3.9316E+002
1020.0000,3.6608E+002
1021.0000,3.4843E+002
1022.0000,2.7331E+002
1023.0000,2.9945E+002
1024.0000,2.6263E+002
1025.0000,2.9498E+002
1026.0000,2.5625E+002
1027.0000,2.4898E+002
1028.0000,2.3554E+002
1029.0000,3.3944E+002
1030.0000,2.8618E+002
1031.0000,2.6665E+002
1032.0000,3.3067E+002
1033.0000,3.4547E+002
1034.0000,2.4746E+002
1035.0000,3.2505E+002
1036.0000,3.4418E+002
1037.0000,2.7487E+002
1038.0000,2.5267E+002
1039.0000,2.7134E+002
1040.0000,2.7440E+002
1041.0000,2.6731E+002
1042.0000,3.0161E+002
1043.0000,2.3546E+002
1044.0000,2.4074E+002
1045.0000,2.3872E+002
1046.0000,2.1405E+002
1047.0000,2.1234E+002
1048.0000,2.5419E+002
1049.0000,2.5072E+002
1050.0000,2.5327E+002
1051.0000,2.7188E+002
1052.0000,2.9405E+002
1053.0000,2.8825E+002
1054.0000,1.9336E+002
1055.0000,1.9621E+002
1056.0000,2.2159E+002
1057.0000,3.2478E+002
1058.0000,3.0596E+002
1059.0000,2.7216E+002
1060.0000,2.2717E+002
1061.0000,2.3352E+002
1062.0000,3.3227E+002
1063.0000,2.8755E+002
1064.0000,2.3474E+002
1065.0000,3.0872E+002
1066.0000,2.6696E+002
1067.0000,2.1433E+002
1068.0000,2.7636E+002
1069.0000,2.3052E+002
1070.0000,3.0008E+002
1071.0000,1.9190E+002
1072.0000,2.3839E+002
1073.0000,2.2351E+002
1074.0000,2.5207E+002
1075.0000,2.8022E+002
1076.0000,2.6067E+002
1077.0000,2.4987E+002
1078.0000,1.5622E+002
1079.0000,1.6758E+002
1080.0000,2.4264E+002
1081.0000,2.7255E+002
1082.0000,2.4619E+002
1083.0000,1.4339E+002
1084.0000,2.2129E+002
1085.0000,1.9693E+002
1086.0000,2.1032E+002
1087.0000,1.9214E+002
1088.0000,2.3738E+002
1089.0000,2.1339E+002
1090.0000,3.2489E+002
1091.0000,2.1824E+002
1092.0000,2.0477E+002
1093.0000,2.2487E+002
1094.0000,2.5742E+002
1095.0000,2.6916E+002
1096.0000,1.8744E+002
1097.0000,2.6981E+002
1098.0000,3.2182E+002
1099.0000,1.5966E+002
1100.0000,0.0000E+000
1101.0000,0.0000E+000
1102.0000,0.0000E+000
1103.0000,0.0000E+000
1104.0000,0.0000E+000
1105.0000,0.0000E+000
1106.0000,0.0000E+000
1107.0000,0.0000E+000
1108.0000,0.0000E+000
1109.0000,0.0000E+000
1110.0000,0.0000E+000
1111.0000,0.0000E+000
1112.0000,3.2470E+002
1113.0000,0.0000E+000
1114.0000,0.0000E+000
1115.0000,3.2915E+002
1116.0000,2.6490E+002
1117.0000,2.4474E+002
1118.0000,0.0000E+000
1119.0000,3.0094E+002
1120.0000,3.0748E+002
1121.0000,0.0000E+000
1122.0000,0.0000E+000
1123.0000,0.0000E+000
1124.0000,0.0000E+000
1125.0000,0.0000E+000
1126.0000,0.0000E+000
1127.0000,0.0000E+000
1128.0000,0.0000E+000
1129.0000,0.0000E+000
1130.0000,0.0000E+000
1131.0000,0.0000E+000
1132.0000,0.0000E+000
1133.0000,0.0000E+000
1134.0000,0.0000E+000
1135.0000,0.0000E+000
1136.0000,0.0000E+000
1137.0000,0.0000E+000
1138.0000,0.0000E+000
1139.0000,0.0000E+000
1140.0000,0.0000E+000
1141.0000,0.0000E+000
1142.0000,0.0000E+000
1143.0000,0.0000E+000
1144.0000,2.4036E+002
1145.0000,2.3319E+002
1146.0000,2.6037E+002
1147.0000,3.5987E+002
1148.0000,2.6290E+002
1149.0000,2.5523E+002
1150.0000,3.1644E+002
1151.0000,0.0000E+000
1152.0000,0.0000E+000
1153.0000,0.0000E+000
1154.0000,3.0848E+002
1155.0000,3.1881E+002
1156.0000,0.0000E+000
1157.0000,0.0000E+000
1158.0000,0.0000E+000
1159.0000,0.0000E+000
1160.0000,3.4475E+002
1161.0000,3.4817E+002
1162.0000,2.1375E+002
1163.0000,2.6347E+002
1164.0000,2.0752E+002
1165.0000,2.0351E+002
1166.0000,1.9296E+002
1167.0000,2.6876E+002
1168.0000,2.2065E+002
1169.0000,1.7179E+002
1170.0000,1.7394E+002
1171.0000,3.1402E+002
1172.0000,2.9695E+002
1173.0000,2.2311E+002
1174.0000,3.2510E+002
1175.0000,2.3651E+002
1176.0000,2.1466E+002
1177.0000,2.7982E+002
1178.0000,3.0186E+002
1179.0000,3.2958E+002
1180.0000,3.3828E+002
1181.0000,3.3066E+002
1182.0000,3.2066E+002
1183.0000,2.2786E+002
1184.0000,3.3566E+002
1185.0000,3.1682E+002
1186.0000,2.3066E+002
1187.0000,2.4014E+002
1188.0000,3.5049E+002
1189.0000,3.4001E+002
1190.0000,2.6475E+002
1191.0000,3.0404E+002
1192.0000,2.0559E+002
1193.0000,2.6327E+002
1194.0000,2.9350E+002
1195.0000,3.6774E+002
1196.0000,2.7380E+002
1197.0000,2.4047E+002
1198.0000,3.3196E+002
1199.0000,2.7382E+002
1200.0000,3.7690E+002
1201.0000,3.8250E+002
1202.0000,2.4346E+002
1203.0000,2.5434E+002
1204.0000,3.4532E+002
1205.0000,3.5964E+002
1206.0000,2.8268E+002
1207.0000,2.3452E+002
1208.0000,2.3967E+002
1209.0000,2.5110E+002
1210.0000,3.0869E+002
1211.0000,3.5494E+002
1212.0000,3.4753E+002
1213.0000,2.9760E+002
1214.0000,3.0249E+002
1215.0000,3.2951E+002
1216.0000,3.4250E+002
1217.0000,3.1202E+002
1218.0000,2.3199E+002
1219.0000,2.4571E+002
1220.0000,2.7037E+002
1221.0000,3.0974E+002
1222.0000,2.3577E+002
1223.0000,2.3941E+002
1224.0000,3.4393E+002
1225.0000,2.9073E+002
1226.0000,3.1789E+002
1227.0000,3.2011E+002
1228.0000,2.6828E+002
1229.0000,2.9404E+002
1230.0000,3.1008E+002
1231.0000,3.7347E+002
1232.0000,3.4656E+002
1233.0000,3.6061E+002
1234.0000,2.5866E+002
1235.0000,2.8493E+002
1236.0000,3.3370E+002
1237.0000,3.1713E+002
1238.0000,3.0116E+002
1239.0000,2.9615E+002
1240.0000,2.7987E+002
1241.0000,3.3113E+002
1242.0000,3.0480E+002
1243.0000,3.4483E+002
1244.0000,2.7912E+002
1245.0000,2.7726E+002
1246.0000,2.6794E+002
1247.0000,2.6807E+002
1248.0000,2.7729E+002
1249.0000,3.1481E+002
1250.0000,3.6233E+002
1251.0000,3.1280E+002
1252.0000,2.7331E+002
1253.0000,2.7825E+002
1254.0000,2.7784E+002
1255.0000,3.6377E+002
1256.0000,3.3428E+002
1257.0000,3.5004E+002
1258.0000,3.6983E+002
1259.0000,3.9640E+002
1260.0000,3.7766E+002
1261.0000,3.8987E+002
1262.0000,3.5327E+002
1263.0000,4.1597E+002
1264.0000,3.5980E+002
1265.0000,3.1893E+002
1266.0000,3.1818E+002
1267.0000,2.8568E+002
1268.0000,3.7864E+002
1269.0000,3.7534E+002
1270.0000,3.0818E+002
1271.0000,2.6982E+002
1272.0000,2.7123E+002
1273.0000,2.8472E+002
1274.0000,2.8423E+002
1275.0000,4.0400E+002
1276.0000,3.5661E+002
1277.0000,3.3652E+002
1278.0000,3.1627E+002
1279.0000,3.2545E+002
1280.0000,3.2521E+002
1281.0000,3.3606E+002
1282.0000,3.6526E+002
1283.0000,4.0772E+002
1284.0000,3.2048E+002
1285.0000,3.0977E+002
1286.0000,3.7457E+002
1287.0000,3.6330E+002
1288.0000,4.2889E+002
1289.0000,3.8115E+002
1290.0000,3.2720E+002
1291.0000,3.1311E+002
1292.0000,3.8410E+002
1293.0000,2.7865E+002
1294.0000,2.8217E+002
1295.0000,4.1167E+002
1296.0000,4.1177E+002
1297.0000,3.5596E+002
1298.0000,4.2426E+002
1299.0000,3.9667E+002
1300.0000,3.2970E+002
1301.0000,2.8257E+002
1302.0000,3.5158E+002
1303.0000,3.7632E+002
1304.0000,3.2154E+002
1305.0000,3.0636E+002
1306.0000,3.0038E+002
1307.0000,3.2877E+002
1308.0000,3.3073E+002
1309.0000,3.5609E+002
1310.0000,3.8594E+002
1311.0000,3.0032E+002
1312.0000,3.0170E+002
1313.0000,3.3897E+002
1314.0000,3.5121E+002
1315.0000,3.1013E+002
1316.0000,3.0504E+002
1317.0000,3.1800E+002
1318.0000,3.1831E+002
1319.0000,3.2398E+002
1320.0000,3.0146E+002
1321.0000,3.7410E+002
1322.0000,3.2921E+002
1323.0000,3.0787E+002
1324.0000,4.1667E+002
1325.0000,3.6066E+002
1326.0000,3.1304E+002
1327.0000,3.1372E+002
1328.0000,3.5905E+002
1329.0000,3.7909E+002
1330.0000,2.9136E+002
1331.0000,3.0019E+002
1332.0000,2.8162E+002
1333.0000,2.9766E+002
1334.0000,3.3980E+002
1335.0000,3.8363E+002
1336.0000,3.1156E+002
1337.0000,3.0847E+002
1338.0000,3.2593E+002
1339.0000,2.5321E+002
1340.0000,2.5527E+002
1341.0000,3.0973E+002
1342.0000,3.2620E+002
1343.0000,3.2172E+002
1344.0000,3.3181E+002
1345.0000,2.9999E+002
1346.0000,3.6106E+002
1347.0000,2.7347E+002
1348.0000,2.7214E+002
1349.0000,2.6478E+002
1350.0000,2.9897E+002
1351.0000,3.0208E+002
1352.0000,3.0274E+002
1353.0000,3.2631E+002
1354.0000,3.2941E+002
1355.0000,3.7999E+002
1356.0000,2.7667E+002
1357.0000,3.5188E+002
1358.0000,3.2437E+002
1359.0000,3.9387E+002
1360.0000,3.5138E+002
1361.0000,3.4667E+002
1362.0000,3.4274E+002
1363.0000,3.3817E+002
1364.0000,3.5597E+002
1365.0000,3.1798E+002
1366.0000,2.8430E+002
1367.0000,3.2292E+002
1368.0000,2.5998E+002
1369.0000,2.5540E+002
1370.0000,2.9499E+002
1371.0000,3.3572E+002
1372.0000,3.9770E+002
1373.0000,2.7225E+002
1374.0000,3.7714E+002
1375.0000,3.8826E+002
1376.0000,2.9297E+002
1377.0000,3.0197E+002
1378.0000,3.5296E+002
1379.0000,3.5956E+002
1380.0000,3.2841E+002
1381.0000,2.9092E+002
1382.0000,3.6062E+002
1383.0000,3.4861E+002
1384.0000,2.8207E+002
1385.0000,2.5822E+002
1386.0000,2.6761E+002
1387.0000,2.7241E+002
1388.0000,2.8362E+002
1389.0000,3.1595E+002
1390.0000,3.5676E+002
1391.0000,2.6192E+002
1392.0000,3.3818E+002
1393.0000,2.1399E+002
1394.0000,2.4978E+002
1395.0000,3.1891E+002
1396.0000,3.1321E+002
1397.0000,2.7342E+002
1398.0000,2.9915E+002
1399.0000,2.6788E+002
1400.0000,2.2908E+002
1401.0000,3.1473E+002
1402.0000,2.2814E+002
1403.0000,3.2756E+002
1404.0000,2.6871E+002
1405.0000,2.0857E+002
1406.0000,2.9982E+002
1407.0000,2.0976E+002
1408.0000,2.6856E+002
1409.0000,1.7243E+002
1410.0000,2.7515E+002
1411.0000,3.2550E+002
1412.0000,2.1541E+002
1413.0000,2.3068E+002
1414.0000,3.4000E+002
1415.0000,2.3028E+002
1416.0000,2.9724E+002
1417.0000,3.3256E+002
1418.0000,1.9776E+002
1419.0000,2.1690E+002
1420.0000,2.6358E+002
1421.0000,1.9488E+002
1422.0000,3.0314E+002
1423.0000,2.4354E+002
1424.0000,2.3600E+002
1425.0000,1.9768E+002
1426.0000,2.4443E+002
1427.0000,2.6488E+002
1428.0000,2.0333E+002
1429.0000,3.2859E+002
1430.0000,2.1947E+002
1431.0000,2.5898E+002
1432.0000,2.2013E+002
1433.0000,3.4458E+002
1434.0000,2.9774E+002
1435.0000,2.0281E+002
1436.0000,2.5741E+002
1437.0000,1.9764E+002
1438.0000,2.8991E+002
1439.0000,2.6566E+002
1440.0000,2.2061E+002
1441.0000,1.9316E+002
1442.0000,2.7773E+002
1443.0000,2.1390E+002
1444.0000,2.5390E+002
1445.0000,2.9019E+002
1446.0000,2.2182E+002
1447.0000,3.1628E+002
1448.0000,2.4183E+002
1449.0000,2.1451E+002
1450.0000,2.6804E+002
1451.0000,3.0416E+002
1452.0000,2.1356E+002
1453.0000,1.7771E+002
1454.0000,2.2492E+002
1455.0000,1.7028E+002
1456.0000,2.0206E+002
1457.0000,1.8503E+002
1458.0000,2.4835E+002
1459.0000,0.0000E+000
1460.0000,0.0000E+000
1461.0000,0.0000E+000
1462.0000,0.0000E+000
1463.0000,0.0000E+000
1464.0000,0.0000E+000
1465.0000,0.0000E+000
1466.0000,0.0000E+000
1467.0000,0.0000E+000
1468.0000,0.0000E+000
1469.0000,0.0000E+000
1470.0000,0.0000E+000
1471.0000,2.7558E+002
1472.0000,0.0000E+000
1473.0000,0.0000E+000
1474.0000,0.0000E+000
1475.0000,0.0000E+000
1476.0000,0.0000E+000
1477.0000,0.0000E+000
1478.0000,0.0000E+000
1479.0000,0.0000E+000
1480.0000,0.0000E+000
1481.0000,0.0000E+000
1482.0000,3.2763E+002
1483.0000,0.0000E+000
1484.0000,0.0000E+000
1485.0000,0.0000E+000
1486.0000,0.0000E+000
1487.0000,2.6239E+002
1488.0000,0.0000E+000
1489.0000,0.0000E+000
1490.0000,0.0000E+000
1491.0000,0.0000E+000
1492.0000,0.0000E+000
1493.0000,0.0000E+000
1494.0000,0.0000E+000
1495.0000,0.0000E+000
1496.0000,0.0000E+000
1497.0000,0.0000E+000
1498.0000,0.0000E+000
1499.0000,0.0000E+000
1500.0000,0.0000E+000
1501.0000,0.0000E+000
1502.0000,0.0000E+000
1503.0000,0.0000E+000
1504.0000,0.0000E+000
1505.0000,0.0000E+000
1506.0000,2.4135E+002
1507.0000,0.0000E+000
1508.0000,0.0000E+000
1509.0000,0.0000E+000
1510.0000,0.0000E+000
1511.0000,3.2393E+002
1512.0000,0.0000E+000
1513.0000,0.0000E+000
1514.0000,0.0000E+000
1515.0000,0.0000E+000
1516.0000,2.7892E+002
1517.0000,0.0000E+000
1518.0000,2.2721E+002
1519.0000,2.4900E+002
1520.0000,2.8228E+002
1521.0000,0.0000E+000
1522.0000,0.0000E+000
1523.0000,0.0000E+000
1524.0000,2.1509E+002
1525.0000,3.0464E+002
1526.0000,0.0000E+000
1527.0000,0.0000E+000
1528.0000,0.0000E+000
1529.0000,0.0000E+000
1530.0000,0.0000E+000
1531.0000,3.0115E+002
1532.0000,0.0000E+000
1533.0000,0.0000E+000
1534.0000,0.0000E+000
1535.0000,0.0000E+000
1536.0000,0.0000E+000
1537.0000,0.0000E+000
1538.0000,2.2021E+002
1539.0000,0.0000E+000
1540.0000,0.0000E+000
1541.0000,0.0000E+000
1542.0000,0.0000E+000
1543.0000,0.0000E+000
1544.0000,0.0000E+000
1545.0000,0.0000E+000
1546.0000,3.4974E+002
1547.0000,2.4246E+002
1548.0000,3.1625E+002
1549.0000,2.2807E+002
1550.0000,2.5858E+002
1551.0000,2.1372E+002
1552.0000,1.8234E+002
1553.0000,3.1030E+002
1554.0000,2.6759E+002
1555.0000,2.2325E+002
1556.0000,2.2116E+002
1557.0000,1.7577E+002
1558.0000,2.0833E+002
1559.0000,2.7927E+002
1560.0000,2.7780E+002
1561.0000,2.3170E+002
1562.0000,3.3195E+002
1563.0000,3.2533E+002
1564.0000,3.1957E+002
1565.0000,3.0049E+002
1566.0000,2.7990E+002
1567.0000,2.8387E+002
1568.0000,2.1529E+002
1569.0000,2.3099E+002
1570.0000,2.0756E+002
1571.0000,2.4023E+002
1572.0000,2.3156E+002
1573.0000,2.3501E+002
1574.0000,2.5979E+002
1575.0000,2.5478E+002
1576.0000,2.3337E+002
1577.0000,2.5588E+002
1578.0000,2.2953E+002
1579.0000,2.1518E+002
1580.0000,2.2866E+002
1581.0000,2.9774E+002
1582.0000,3.7140E+002
1583.0000,3.7017E+002
1584.0000,3.6812E+002
1585.0000,2.7696E+002
1586.0000,3.1223E+002
1587.0000,2.7471E+002
1588.0000,2.8523E+002
1589.0000,3.1793E+002
1590.0000,2.8798E+002
1591.0000,3.3892E+002
1592.0000,3.4547E+002
1593.0000,3.5555E+002
1594.0000,3.5875E+002
1595.0000,3.6724E+002
1596.0000,2.6477E+002
1597.0000,2.8939E+002
1598.0000,2.9216E+002
1599.0000,3.7522E+002
1600.0000,3.7654E+002
1601.0000,3.0308E+002
1602.0000,3.1493E+002
1603.0000,3.0666E+002
1604.0000,3.2742E+002
1605.0000,3.3733E+002
1606.0000,3.5896E+002
1607.0000,3.3410E+002
1608.0000,3.4300E+002
1609.0000,3.5924E+002
1610.0000,3.8427E+002
1611.0000,3.9145E+002
1612.0000,3.4405E+002
1613.0000,3.0608E+002
1614.0000,3.5461E+002
1615.0000,2.7690E+002
1616.0000,3.1886E+002
1617.0000,2.8836E+002
1618.0000,3.4276E+002
1619.0000,3.1594E+002
1620.0000,3.8627E+002
1621.0000,3.8667E+002
1622.0000,3.5476E+002
1623.0000,3.2867E+002
1624.0000,3.6689E+002
1625.0000,2.9419E+002
1626.0000,3.2944E+002
1627.0000,4.1703E+002
1628.0000,3.7990E+002
1629.0000,4.0011E+002
1630.0000,3.9842E+002
1631.0000,3.9029E+002
1632.0000,3.8462E+002
1633.0000,3.9252E+002
1634.0000,3.3141E+002
1635.0000,3.3728E+002
1636.0000,3.2465E+002
1637.0000,3.5950E+002
1638.0000,3.7233E+002
1639.0000,3.4444E+002
1640.0000,3.6373E+002
1641.0000,3.7994E+002
1642.0000,4.3279E+002
1643.0000,3.2561E+002
1644.0000,3.1626E+002
1645.0000,3.6826E+002
1646.0000,3.8446E+002
1647.0000,3.0398E+002
1648.0000,2.8328E+002
1649.0000,2.9035E+002
1650.0000,3.0743E+002
1651.0000,3.6844E+002
1652.0000,3.3807E+002
1653.0000,3.3507E+002
1654.0000,3.6059E+002
1655.0000,4.0496E+002
1656.0000,4.0001E+002
1657.0000,3.7325E+002
1658.0000,3.0779E+002
1659.0000,3.7690E+002
1660.0000,3.2000E+002
1661.0000,4.1386E+002
1662.0000,3.8628E+002
1663.0000,3.7974E+002
1664.0000,3.3204E+002
1665.0000,3.5190E+002
1666.0000,3.1769E+002
1667.0000,3.7079E+002
1668.0000,3.2930E+002
1669.0000,3.3492E+002
1670.0000,3.5033E+002
1671.0000,3.2757E+002
1672.0000,3.2006E+002
1673.0000,3.3113E+002
1674.0000,3.7225E+002
1675.0000,3.1392E+002
1676.0000,3.3551E+002
1677.0000,3.7158E+002
1678.0000,4.2048E+002
1679.0000,3.7622E+002
1680.0000,3.6810E+002
1681.0000,3.3529E+002
1682.0000,3.4773E+002
1683.0000,3.3665E+002
1684.0000,3.4291E+002
1685.0000,3.3979E+002
1686.0000,3.1200E+002
1687.0000,3.4183E+002
1688.0000,3.6041E+002
1689.0000,4.1063E+002
1690.0000,3.3960E+002
1691.0000,3.2416E+002
1692.0000,3.4668E+002
1693.0000,3.8586E+002
1694.0000,2.9489E+002
1695.0000,2.9572E+002
1696.0000,3.2025E+002
1697.0000,3.7826E+002
1698.0000,3.4356E+002
1699.0000,4.1587E+002
1700.0000,4.1015E+002
1701.0000,3.9090E+002
1702.0000,2.9281E+002
1703.0000,3.0795E+002
1704.0000,3.6690E+002
1705.0000,4.1258E+002
1706.0000,4.0355E+002
1707.0000,4.0942E+002
1708.0000,4.1783E+002
1709.0000,3.4951E+002
1710.0000,2.9480E+002
1711.0000,2.9917E+002
1712.0000,2.8491E+002
1713.0000,2.7215E+002
1714.0000,2.8557E+002
1715.0000,3.0213E+002
1716.0000,3.0687E+002
1717.0000,3.2046E+002
1718.0000,3.3413E+002
1719.0000,3.2568E+002
1720.0000,3.5833E+002
1721.0000,3.6090E+002
1722.0000,3.3815E+002
1723.0000,3.9474E+002
1724.0000,4.1154E+002
1725.0000,2.5966E+002
1726.0000,2.7066E+002
1727.0000,2.8003E+002
1728.0000,3.2585E+002
1729.0000,2.7191E+002
1730.0000,2.5024E+002
1731.0000,3.3392E+002
1732.0000,2.3310E+002
1733.0000,3.3991E+002
1734.0000,3.5837E+002
1735.0000,3.1053E+002
1736.0000,3.7665E+002
1737.0000,3.2770E+002
1738.0000,3.4510E+002
1739.0000,3.7826E+002
1740.0000,3.5053E+002
1741.0000,3.6970E+002
1742.0000,3.9390E+002
1743.0000,4.0659E+002
1744.0000,2.4955E+002
1745.0000,2.8909E+002
1746.0000,2.1803E+002
1747.0000,2.7958E+002
1748.0000,3.0632E+002
1749.0000,2.1514E+002
1750.0000,3.0952E+002
1751.0000,2.1717E+002
1752.0000,2.6635E+002
1753.0000,2.5008E+002
1754.0000,2.0447E+002
1755.0000,2.3648E+002
1756.0000,2.2639E+002
1757.0000,2.9284E+002
1758.0000,2.5870E+002
1759.0000,3.1067E+002
1760.0000,3.1683E+002
1761.0000,3.2041E+002
1762.0000,2.6848E+002
1763.0000,2.5604E+002
1764.0000,3.2048E+002
1765.0000,2.4993E+002
1766.0000,2.9204E+002
1767.0000,2.8870E+002
1768.0000,3.3203E+002
1769.0000,3.2889E+002
1770.0000,3.4030E+002
1771.0000,2.8571E+002
1772.0000,2.8406E+002
1773.0000,2.9352E+002
1774.0000,2.4699E+002
1775.0000,2.6663E+002
1776.0000,2.8260E+002
1777.0000,2.4763E+002
1778.0000,1.8637E+002
1779.0000,2.0342E+002
1780.0000,2.7928E+002
1781.0000,2.9253E+002
1782.0000,2.6613E+002
1783.0000,2.2961E+002
1784.0000,2.6862E+002
1785.0000,2.4132E+002
1786.0000,2.3603E+002
1787.0000,2.3153E+002
1788.0000,3.2667E+002
1789.0000,2.2813E+002
1790.0000,2.5743E+002
1791.0000,2.6160E+002
1792.0000,2.7154E+002
1793.0000,2.9673E+002
1794.0000,2.5057E+002
1795.0000,2.3295E+002
1796.0000,3.2213E+002
1797.0000,2.9812E+002
1798.0000,2.8013E+002
1799.0000,2.8048E+002
1800.0000,2.6796E+002
1801.0000,2.3300E+002
1802.0000,2.5901E+002
1803.0000,1.8121E+002
1804.0000,2.0001E+002
1805.0000,1.9771E+002
1806.0000,2.5585E+002
1807.0000,2.1326E+002
1808.0000,2.6512E+002
1809.0000,2.1674E+002
1810.0000,2.1664E+002
1811.0000,2.0210E+002
1812.0000,2.0887E+002
1813.0000,2.3782E+002
1814.0000,2.9332E+002
1815.0000,2.9616E+002
1816.0000,2.2907E+002
1817.0000,2.6798E+002
1818.0000,2.7798E+002
1819.0000,2.2430E+002
1820.0000,2.5787E+002
1821.0000,3.1495E+002
1822.0000,3.2846E+002
1823.0000,2.8256E+002
1824.0000,1.8713E+002
1825.0000,2.2455E+002
1826.0000,2.9531E+002
1827.0000,2.2075E+002
1828.0000,1.9705E+002
1829.0000,2.2721E+002
1830.0000,2.2824E+002
1831.0000,2.1278E+002
1832.0000,3.1178E+002
1833.0000,2.5318E+002
1834.0000,2.4899E+002
1835.0000,1.7979E+002
1836.0000,2.1134E+002
1837.0000,2.3986E+002
1838.0000,2.4383E+002
1839.0000,2.0223E+002
1840.0000,2.1665E+002
1841.0000,2.1345E+002
1842.0000,2.4942E+002
1843.0000,2.5202E+002
1844.0000,0.0000E+000
1845.0000,0.0000E+000
1846.0000,0.0000E+000
1847.0000,0.0000E+000
1848.0000,0.0000E+000
1849.0000,0.0000E+000
1850.0000,0.0000E+000
1851.0000,0.0000E+000
1852.0000,0.0000E+000
1853.0000,0.0000E+000
1854.0000,0.0000E+000
1855.0000,0.0000E+000
1856.0000,0.0000E+000
1857.0000,0.0000E+000
1858.0000,0.0000E+000
1859.0000,2.8388E+002
1860.0000,2.9388E+002
1861.0000,0.0000E+000
1862.0000,0.0000E+000
1863.0000,0.0000E+000
1864.0000,0.0000E+000
1865.0000,0.0000E+000
1866.0000,0.0000E+000
1867.0000,0.0000E+000
1868.0000,0.0000E+000
1869.0000,0.0000E+000
1870.0000,0.0000E+000
1871.0000,0.0000E+000
1872.0000,0.0000E+000
1873.0000,0.0000E+000
1874.0000,0.0000E+000
1875.0000,0.0000E+000
1876.0000,0.0000E+000
1877.0000,0.0000E+000
1878.0000,0.0000E+000
1879.0000,0.0000E+000
1880.0000,0.0000E+000
1881.0000,0.0000E+000
1882.0000,0.0000E+000
1883.0000,0.0000E+000
1884.0000,0.0000E+000
1885.0000,0.0000E+000
1886.0000,0.0000E+000
1887.0000,0.0000E+000
1888.0000,0.0000E+000
1889.0000,0.0000E+000
1890.0000,0.0000E+000
1891.0000,0.0000E+000
1892.0000,0.0000E+000
1893.0000,0.0000E+000
1894.0000,0.0000E+000
1895.0000,0.0000E+000
1896.0000,0.0000E+000
1897.0000,3.3740E+002
1898.0000,3.1686E+002
1899.0000,3.0986E+002
1900.0000,0.0000E+000
1901.0000,0.0000E+000
1902.0000,0.0000E+000
1903.0000,0.0000E+000
1904.0000,2.3595E+002
1905.0000,2.8517E+002
1906.0000,2.1303E+002
1907.0000,0.0000E+000
1908.0000,2.8891E+002
1909.0000,2.9590E+002
1910.0000,0.0000E+000
1911.0000,0.0000E+000
1912.0000,3.4856E+002
1913.0000,2.7552E+002
1914.0000,3.0179E+002
1915.0000,0.0000E+000
1916.0000,0.0000E+000
1917.0000,3.0161E+002
1918.0000,2.2501E+002
1919.0000,3.0245E+002
1920.0000,3.2737E+002
1921.0000,2.6703E+002
1922.0000,3.0266E+002
1923.0000,2.7890E+002
1924.0000,2.5206E+002
1925.0000,2.6411E+002
1926.0000,3.2302E+002
1927.0000,2.7902E+002
1928.0000,2.9666E+002
1929.0000,2.6081E+002
1930.0000,2.2682E+002
1931.0000,3.0685E+002
1932.0000,3.0334E+002
1933.0000,3.0534E+002
1934.0000,2.8835E+002
1935.0000,2.2089E+002
1936.0000,2.6123E+002
1937.0000,3.0846E+002
1938.0000,3.6452E+002
1939.0000,2.4725E+002
1940.0000,2.6040E+002
1941.0000,2.6831E+002
1942.0000,2.4531E+002
1943.0000,2.1925E+002
1944.0000,3.3089E+002
1945.0000,3.1137E+002
1946.0000,3.5118E+002
1947.0000,2.7743E+002
1948.0000,2.6849E+002
1949.0000,2.4860E+002
1950.0000,2.6043E+002
1951.0000,3.2906E+002
1952.0000,3.4553E+002
1953.0000,2.5674E+002
1954.0000,3.5638E+002
1955.0000,3.0526E+002
1956.0000,2.6358E+002
1957.0000,2.3354E+002
1958.0000,2.4510E+002
1959.0000,2.5571E+002
1960.0000,2.8149E+002
1961.0000,2.8928E+002
1962.0000,3.1533E+002
1963.0000,3.4488E+002
1964.0000,3.6393E+002
1965.0000,2.5785E+002
1966.0000,2.7524E+002
1967.0000,3.5269E+002
1968.0000,3.1718E+002
1969.0000,3.0638E+002
1970.0000,4.0158E+002
1971.0000,3.0101E+002
1972.0000,3.0341E+002
1973.0000,3.1683E+002
1974.0000,3.6704E+002
1975.0000,3.6316E+002
1976.0000,3.1307E+002
1977.0000,3.2901E+002
1978.0000,2.8586E+002
1979.0000,2.7843E+002
1980.0000,3.2282E+002
1981.0000,3.8831E+002
1982.0000,3.2742E+002
1983.0000,3.1579E+002
1984.0000,2.9203E+002
1985.0000,3.7257E+002
1986.0000,3.4716E+002
1987.0000,2.7884E+002
1988.0000,3.5461E+002
1989.0000,2.7781E+002
1990.0000,2.6139E+002
1991.0000,3.5530E+002
1992.0000,3.8296E+002
1993.0000,2.9900E+002
1994.0000,3.3471E+002
1995.0000,3.5234E+002
1996.0000,3.4211E+002
1997.0000,3.0448E+002
1998.0000,3.3207E+002
1999.0000,3.6578E+002
2000.0000,3.8359E+002
2001.0000,3.0948E+002
2002.0000,3.2336E+002
2003.0000,3.4233E+002
2004.0000,3.7062E+002
2005.0000,3.7764E+002
2006.0000,3.7629E+002
2007.0000,3.7255E+002
2008.0000,3.8462E+002
2009.0000,4.1881E+002
2010.0000,4.1004E+002
2011.0000,3.7452E+002
2012.0000,4.1245E+002
2013.0000,3.1620E+002
2014.0000,3.0009E+002
2015.0000,2.9370E+002
2016.0000,4.1435E+002
2017.0000,3.4626E+002
2018.0000,3.0548E+002
2019.0000,3.5955E+002
2020.0000,4.1682E+002
2021.0000,3.6287E+002
2022.0000,3.5983E+002
2023.0000,4.1829E+002
2024.0000,3.7480E+002
2025.0000,4.2004E+002
2026.0000,4.1290E+002
2027.0000,3.6457E+002
2028.0000,3.4364E+002
2029.0000,3.0679E+002
2030.0000,3.1883E+002
2031.0000,3.3062E+002
2032.0000,3.3215E+002
2033.0000,3.5857E+002
2034.0000,3.9396E+002
2035.0000,4.0841E+002
2036.0000,3.2064E+002
2037.0000,3.5402E+002
2038.0000,2.8931E+002
2039.0000,3.0014E+002
2040.0000,3.2183E+002
2041.0000,3.7845E+002
2042.0000,3.5275E+002
2043.0000,4.0647E+002
2044.0000,3.2991E+002
2045.0000,3.5785E+002
2046.0000,2.9357E+002
2047.0000,3.1640E+002
2048.0000,3.7615E+002
2049.0000,3.7905E+002
2050.0000,3.9008E+002
2051.0000,3.8012E+002
2052.0000,3.3781E+002
2053.0000,3.2522E+002
2054.0000,3.6378E+002
2055.0000,3.6674E+002
2056.0000,3.2449E+002
2057.0000,3.5060E+002
2058.0000,3.4988E+002
2059.0000,3.0177E+002
2060.0000,3.0096E+002
2061.0000,2.8001E+002
2062.0000,3.3506E+002
2063.0000,3.9173E+002
2064.0000,3.1654E+002
2065.0000,2.8895E+002
2066.0000,2.9088E+002
2067.0000,2.8486E+002
2068.0000,2.8291E+002
2069.0000,3.7418E+002
2070.0000,3.2416E+002
2071.0000,3.5219E+002
2072.0000,3.0530E+002
2073.0000,3.2307E+002
2074.0000,3.3695E+002
2075.0000,2.9563E+002
2076.0000,3.4700E+002
2077.0000,3.7480E+002
2078.0000,4.2187E+002
2079.0000,3.7803E+002
2080.0000,3.9922E+002
2081.0000,4.1647E+002
2082.0000,2.9201E+002
2083.0000,3.6896E+002
2084.0000,3.4133E+002
2085.0000,3.2123E+002
2086.0000,3.1466E+002
2087.0000,3.5845E+002
2088.0000,4.0517E+002
2089.0000,3.7625E+002
2090.0000,3.8721E+002
2091.0000,3.0979E+002
2092.0000,3.0661E+002
2093.0000,3.4650E+002
2094.0000,2.7273E+002
2095.0000,3.6229E+002
2096.0000,3.2138E+002
2097.0000,3.7435E+002
2098.0000,3.5055E+002
2099.0000,3.7768E+002
2100.0000,3.9649E+002
2101.0000,3.6075E+002
2102.0000,2.5086E+002
2103.0000,2.5821E+002
2104.0000,2.7731E+002
2105.0000,2.6083E+002
2106.0000,2.5934E+002
2107.0000,2.6316E+002
2108.0000,3.3491E+002
2109.0000,3.6144E+002
2110.0000,2.7547E+002
2111.0000,2.9915E+002
2112.0000,2.8519E+002
2113.0000,2.5065E+002
2114.0000,2.9919E+002
2115.0000,3.0268E+002
2116.0000,2.4557E+002
2117.0000,2.6372E+002
2118.0000,2.6067E+002
2119.0000,2.7244E+002
2120.0000,3.3099E+002
2121.0000,2.4965E+002
2122.0000,3.0753E+002
2123.0000,2.8048E+002
2124.0000,2.2511E+002
2125.0000,2.7294E+002
2126.0000,2.6758E+002
2127.0000,3.0949E+002
2128.0000,2.4868E+002
2129.0000,2.9790E+002
2130.0000,2.0419E+002
2131.0000,2.9937E+002
2132.0000,2.8581E+002
2133.0000,3.1991E+002
2134.0000,2.9798E+002
2135.0000,2.7677E+002
2136.0000,2.4733E+002
2137.0000,1.7523E+002
2138.0000,2.9121E+002
2139.0000,2.7853E+002
2140.0000,2.9176E+002
2141.0000,1.9355E+002
