"",25.000
123.0000,0.0000E+000
124.0000,-1.4917E+001
125.0000,-2.5373E+001
126.0000,1.2639E+001
127.0000,3.3186E+001
128.0000,8.2405E+001
129.0000,-7.2140E+000
130.0000,6.4371E+000
131.0000,3.5689E+001
132.0000,3.3853E+001
133.0000,-2.2897E+001
134.0000,-2.3667E+001
135.0000,-1.6060E+001
136.0000,-3.3015E+001
137.0000,-3.6724E+001
138.0000,-1.9345E+001
139.0000,1.3828E+001
140.0000,1.3918E+001
141.0000,-6.9330E+000
142.0000,-1.0609E+001
143.0000,-1.0578E+001
144.0000,-1.0968E+001
145.0000,1.9217E+000
146.0000,1.5525E+001
147.0000,4.9716E+000
148.0000,-1.2495E+001
149.0000,-2.2876E+001
150.0000,-1.8556E+001
151.0000,6.7777E-001
152.0000,1.9528E+001
153.0000,1.3116E-001
154.0000,-1.4151E+001
155.0000,-1.7855E+001
156.0000,-6.9577E+000
157.0000,-1.7424E+001
158.0000,-1.6610E+001
159.0000,-4.1820E+001
160.0000,-3.6565E+001
161.0000,-2.6592E+001
162.0000,-2.1174E+001
163.0000,-6.3152E+001
164.0000,-2.4460E+001
165.0000,-3.2683E+001
166.0000,-1.5753E+000
167.0000,1.1261E+001
168.0000,1.3186E+001
169.0000,-1.2015E+001
170.0000,7.3525E-001
171.0000,-1.2959E+001
172.0000,-2.3088E+000
173.0000,-1.8919E+001
174.0000,-2.2290E-001
175.0000,-9.1269E+000
176.0000,-3.0037E+001
177.0000,-4.0499E+001
178.0000,-1.8462E+001
179.0000,-7.2240E+000
180.0000,9.8004E-001
181.0000,-1.9419E+000
182.0000,-3.5135E+001
183.0000,-3.9519E+001
184.0000,-4.1155E+001
185.0000,-5.2595E+001
186.0000,-3.0381E+001
187.0000,3.9750E+000
188.0000,-1.1292E+001
189.0000,-3.4508E+001
190.0000,-1.4162E+001
191.0000,-4.4192E+001
192.0000,-1.9412E+001
193.0000,-1.4191E+001
194.0000,-2.2446E+001
195.0000,-7.6368E+001
196.0000,-3.0468E+001
197.0000,-2.3131E+001
198.0000,-3.0110E+001
199.0000,-2.3336E+001
200.0000,-4.1891E+001
201.0000,-2.3052E+001
202.0000,7.5782E+000
203.0000,-1.4204E+001
204.0000,-3.1372E+001
205.0000,-5.4376E+001
206.0000,-2.1411E+001
207.0000,-7.5220E-002
208.0000,-6.0202E+001
209.0000,-2.5593E+001
210.0000,-2.1937E+001
211.0000,-3.1990E+001
212.0000,-1.8269E+001
213.0000,-3.8222E+001
214.0000,-2.8462E+001
215.0000,-1.3628E+001
216.0000,-3.3212E+001
217.0000,-4.4625E+001
218.0000,-4.7842E+001
219.0000,-4.8467E+001
220.0000,-3.3209E+001
221.0000,-4.1498E+001
222.0000,-2.1048E+001
223.0000,-6.0628E+001
224.0000,-6.6237E+001
225.0000,-5.0614E+001
226.0000,-7.1596E+001
227.0000,-2.2473E+001
228.0000,-7.2922E+000
229.0000,-4.2179E+001
230.0000,-1.2020E+001
231.0000,-1.6433E+001
232.0000,-2.9921E+001
233.0000,-8.9662E+000
234.0000,-7.5669E+000
235.0000,-1.8342E+001
236.0000,-1.8172E+001
237.0000,-2.7260E+000
238.0000,-3.6983E+001
239.0000,-5.1104E+001
240.0000,-3.7875E+001
241.0000,-1.5681E+001
242.0000,-2.9361E+001
243.0000,-3.4063E+001
244.0000,-3.6771E+001
245.0000,-2.9850E+001
246.0000,-1.2089E+001
247.0000,3.8482E+000
248.0000,-4.8042E+001
249.0000,-3.8265E+001
250.0000,-5.9534E+001
251.0000,-3.7122E+001
252.0000,-2.6497E+001
253.0000,-1.2155E+002
254.0000,-8.6256E+001
255.0000,-1.0776E+002
256.0000,-9.1771E+001
257.0000,-6.3142E+001
258.0000,-8.7561E+001
259.0000,-6.6755E+001
260.0000,-2.8158E+001
261.0000,-6.7555E+001
262.0000,-4.1277E+001
263.0000,-3.3556E+001
264.0000,-8.4923E+001
265.0000,-5.8291E+001
266.0000,-4.5649E+001
267.0000,-2.7505E+001
268.0000,-3.2292E+001
269.0000,-3.3096E+001
270.0000,-1.1469E+001
271.0000,-8.8059E+000
272.0000,-6.7174E+001
273.0000,-7.7521E+001
274.0000,-1.6151E+001
275.0000,-2.4435E+001
276.0000,-1.4779E+002
277.0000,-7.4964E+001
278.0000,-5.7285E+001
279.0000,-7.3017E+001
280.0000,-4.4416E+001
281.0000,-5.9265E+001
282.0000,-8.3884E+001
283.0000,-4.0130E+001
284.0000,-7.9429E+001
285.0000,-2.7721E+001
286.0000,-9.6029E-001
287.0000,-5.8158E+001
288.0000,-2.4286E+001
289.0000,-3.7602E+001
290.0000,-6.1153E+001
291.0000,-4.5792E+001
292.0000,-4.5304E+001
293.0000,-3.2426E+001
294.0000,-6.9590E+001
295.0000,-6.7890E+001
296.0000,-1.2212E+001
297.0000,-1.3627E+001
298.0000,-4.6682E+001
299.0000,-3.9261E+001
300.0000,2.3869E+000
301.0000,-6.8171E+001
302.0000,-4.4197E+001
303.0000,-9.5278E+001
304.0000,-1.0718E+002
305.0000,-1.0017E+002
306.0000,-6.0279E+001
307.0000,-8.3704E+000
308.0000,-5.1649E+001
309.0000,-2.0639E+001
310.0000,-4.3125E+001
311.0000,-5.9870E+001
312.0000,-5.8338E+001
313.0000,-3.3937E+001
314.0000,-1.5209E+001
315.0000,-1.4143E+002
316.0000,-1.0762E+002
317.0000,-1.0137E+002
318.0000,-1.0668E+002
319.0000,-6.3826E+001
320.0000,-1.1680E+002
321.0000,-1.8140E+002
322.0000,-1.1005E+002
323.0000,-1.1736E+002
324.0000,-1.1458E+002
325.0000,-8.8115E+001
326.0000,-7.4447E-001
327.0000,7.8671E+000
328.0000,-1.0694E+002
329.0000,-6.9704E+001
330.0000,-7.6467E+001
331.0000,-9.4060E+001
332.0000,-4.3781E+001
333.0000,-1.9883E+001
334.0000,-1.4241E+002
335.0000,-1.0058E+002
336.0000,-5.6373E+001
337.0000,-5.6403E+001
338.0000,-3.1177E+001
339.0000,-2.7194E+001
340.0000,-4.4947E+001
341.0000,-2.9073E+001
342.0000,-4.2835E+001
343.0000,-3.4126E+001
344.0000,-2.7956E+001
345.0000,-3.1902E+001
346.0000,-2.1399E+001
347.0000,-4.1839E+000
348.0000,1.2555E+001
349.0000,7.0170E+000
350.0000,-5.9423E+001
351.0000,-4.2770E+001
352.0000,-3.3767E+001
353.0000,-2.7858E+001
354.0000,-1.9175E+001
355.0000,-1.3894E+001
356.0000,1.8709E+000
357.0000,-2.3285E+000
358.0000,-1.3543E+001
359.0000,-6.5971E+000
360.0000,-1.5413E-001
361.0000,-3.2887E+001
362.0000,-3.3382E+001
363.0000,-8.1224E+001
364.0000,-1.3268E+002
365.0000,-8.0896E+001
366.0000,-2.9290E+001
367.0000,-2.2894E+001
368.0000,-1.3137E+001
369.0000,0.0000E+000
370.0000,0.0000E+000
371.0000,0.0000E+000
372.0000,0.0000E+000
373.0000,0.0000E+000
374.0000,0.0000E+000
375.0000,0.0000E+000
376.0000,0.0000E+000
377.0000,0.0000E+000
378.0000,0.0000E+000
379.0000,0.0000E+000
380.0000,0.0000E+000
381.0000,0.0000E+000
382.0000,0.0000E+000
383.0000,0.0000E+000
384.0000,0.0000E+000
385.0000,0.0000E+000
386.0000,0.0000E+000
387.0000,0.0000E+000
388.0000,0.0000E+000
389.0000,0.0000E+000
390.0000,0.0000E+000
391.0000,0.0000E+000
392.0000,0.0000E+000
393.0000,0.0000E+000
394.0000,0.0000E+000
395.0000,0.0000E+000
396.0000,0.0000E+000
397.0000,0.0000E+000
398.0000,0.0000E+000
399.0000,0.0000E+000
400.0000,0.0000E+000
401.0000,0.0000E+000
402.0000,0.0000E+000
403.0000,0.0000E+000
404.0000,0.0000E+000
405.0000,0.0000E+000
406.0000,0.0000E+000
407.0000,0.0000E+000
408.0000,0.0000E+000
409.0000,0.0000E+000
410.0000,0.0000E+000
411.0000,0.0000E+000
412.0000,0.0000E+000
413.0000,0.0000E+000
414.0000,0.0000E+000
415.0000,0.0000E+000
416.0000,0.0000E+000
417.0000,0.0000E+000
418.0000,0.0000E+000
419.0000,0.0000E+000
420.0000,0.0000E+000
421.0000,0.0000E+000
422.0000,0.0000E+000
423.0000,0.0000E+000
424.0000,0.0000E+000
425.0000,0.0000E+000
426.0000,0.0000E+000
427.0000,0.0000E+000
428.0000,0.0000E+000
429.0000,0.0000E+000
430.0000,0.0000E+000
431.0000,0.0000E+000
432.0000,0.0000E+000
433.0000,0.0000E+000
434.0000,5.6910E+000
435.0000,0.0000E+000
436.0000,1.6447E+000
437.0000,4.9059E+001
438.0000,1.4746E+001
439.0000,5.5046E+001
440.0000,1.0821E+002
441.0000,0.0000E+000
442.0000,4.0915E+000
443.0000,1.8247E+001
444.0000,6.6469E+001
445.0000,0.0000E+000
446.0000,0.0000E+000
447.0000,0.0000E+000
448.0000,0.0000E+000
449.0000,0.0000E+000
450.0000,0.0000E+000
451.0000,0.0000E+000
452.0000,0.0000E+000
453.0000,1.2915E+000
454.0000,5.7745E+001
455.0000,3.3659E+001
456.0000,1.1521E+002
457.0000,2.0283E+001
458.0000,-1.9870E+001
459.0000,1.6874E+001
460.0000,-1.3452E+000
461.0000,1.3076E+001
462.0000,4.4472E+000
463.0000,7.9348E+000
464.0000,2.7278E+001
465.0000,-7.6421E+000
466.0000,7.0655E+000
467.0000,4.4682E+001
468.0000,6.0708E+000
469.0000,1.2484E+001
470.0000,1.6369E+000
471.0000,9.1860E+000
472.0000,2.2067E+001
473.0000,8.2675E+000
474.0000,9.8986E+000
475.0000,-1.7627E+001
476.0000,-3.4697E+001
477.0000,-4.2178E+001
478.0000,-1.3762E+001
479.0000,-1.8326E+001
480.0000,-3.9408E+001
481.0000,-2.2191E+001
482.0000,-5.9178E+000
483.0000,-5.8722E+000
484.0000,-1.2132E+001
485.0000,-1.4525E+000
486.0000,8.3138E+000
487.0000,5.7899E+000
488.0000,3.7675E+001
489.0000,1.0166E+001
490.0000,-2.3344E+000
491.0000,2.5728E+001
492.0000,3.6207E+001
493.0000,8.5100E+000
494.0000,1.6340E+000
495.0000,-5.1400E+000
496.0000,-2.4267E+001
497.0000,-3.4017E+001
498.0000,-4.7057E+001
499.0000,3.5102E+000
500.0000,3.0410E+000
501.0000,2.4950E+001
502.0000,2.0522E+001
503.0000,-7.2524E+001
504.0000,-4.1569E+001
505.0000,-5.6429E+001
506.0000,-2.4891E+001
507.0000,-3.3795E+001
508.0000,-4.1681E+000
509.0000,5.7944E+000
510.0000,7.1580E+000
511.0000,-3.0107E+000
512.0000,4.4371E-003
513.0000,-6.3132E+000
514.0000,8.1254E+000
515.0000,-7.8404E+001
516.0000,-7.8497E+001
517.0000,-6.0815E+001
518.0000,-3.3762E+001
519.0000,-3.8648E+000
520.0000,3.7971E+000
521.0000,-4.1146E+001
522.0000,-3.4225E+001
523.0000,3.0613E+000
524.0000,-1.0869E+001
525.0000,8.9482E+000
526.0000,-1.9612E+001
527.0000,-5.4832E+001
528.0000,-2.7650E+001
529.0000,2.5116E+000
530.0000,-9.3992E-001
531.0000,-2.4765E+001
532.0000,-2.7827E+001
533.0000,-1.5725E+001
534.0000,-2.9804E+001
535.0000,-5.5942E+001
536.0000,-5.3537E+000
537.0000,-1.5414E+001
538.0000,-9.6156E+000
539.0000,-2.6091E+001
540.0000,-2.6682E+001
541.0000,-2.0837E+001
542.0000,-3.7370E+001
543.0000,-5.2934E+001
544.0000,-1.8595E+001
545.0000,-2.3133E+001
546.0000,-3.9667E+001
547.0000,-6.6866E+001
548.0000,-4.3197E+001
549.0000,-2.7478E+001
550.0000,-3.4575E+001
551.0000,-3.1705E+001
552.0000,-4.7473E+001
553.0000,-4.0707E+001
554.0000,-4.1259E+001
555.0000,-2.9400E+001
556.0000,-2.9849E+001
557.0000,-1.7659E+001
558.0000,-1.2411E+001
559.0000,-1.6409E+001
560.0000,-4.4624E+001
561.0000,-5.8356E+001
562.0000,-1.5348E+001
563.0000,-7.3234E+000
564.0000,-7.5875E+000
565.0000,-3.6080E+001
566.0000,-4.2114E+001
567.0000,-2.5384E+001
568.0000,-3.2130E+001
569.0000,-4.8566E+001
570.0000,-1.8845E+001
571.0000,-1.3597E+001
572.0000,-3.1020E+001
573.0000,-3.3285E+001
574.0000,-9.3481E+000
575.0000,-4.8555E+001
576.0000,-3.6905E+001
577.0000,-4.9682E+001
578.0000,-3.1173E+001
579.0000,-3.2105E+001
580.0000,-3.3139E+001
581.0000,-5.7857E+001
582.0000,-4.6452E+001
583.0000,-5.1839E+001
584.0000,-1.1190E+001
585.0000,-1.9561E+001
586.0000,-1.8591E+001
587.0000,-3.5853E+001
588.0000,-4.2983E+001
589.0000,-2.6539E+001
590.0000,-1.2384E+001
591.0000,-3.2203E+000
592.0000,-1.9598E+001
593.0000,-2.3857E+001
594.0000,-1.6081E+001
595.0000,-2.0944E+001
596.0000,-6.8237E+001
597.0000,-4.5962E+001
598.0000,-5.2523E+001
599.0000,-4.4932E+001
600.0000,-7.1666E+001
601.0000,-6.2279E+001
602.0000,-4.3093E+001
603.0000,-5.2471E+001
604.0000,-4.9438E+001
605.0000,-4.5620E+001
606.0000,-1.8752E+001
607.0000,-2.1737E+001
608.0000,-1.1580E+001
609.0000,-1.1705E+001
610.0000,-1.5379E+001
611.0000,-1.8174E+001
612.0000,-1.9421E+001
613.0000,-1.8879E+001
614.0000,-1.4775E+001
615.0000,-1.7952E+000
616.0000,-4.3399E+001
617.0000,-6.2973E+001
618.0000,-7.1791E+001
619.0000,-6.9472E+001
620.0000,-6.4984E+001
621.0000,-7.5294E+001
622.0000,-3.9252E+001
623.0000,-5.6846E+001
624.0000,-3.7498E+001
625.0000,-2.5558E+000
626.0000,-1.2133E+002
627.0000,-3.9253E+001
628.0000,-6.8688E+001
629.0000,-6.3524E+001
630.0000,-3.4777E+001
631.0000,-4.2653E+001
632.0000,-3.4214E+001
633.0000,-3.7944E+001
634.0000,-4.4264E+001
635.0000,-1.8949E+001
636.0000,-1.7490E+001
637.0000,-8.2616E+001
638.0000,-9.1970E+001
639.0000,-9.5911E+001
640.0000,-9.2792E+001
641.0000,-8.1532E+001
642.0000,-3.8858E+001
643.0000,-2.1613E+001
644.0000,-1.5929E+001
645.0000,-4.8625E+001
646.0000,-4.7267E+001
647.0000,-3.6021E+001
648.0000,-6.8786E+001
649.0000,-2.2151E+001
650.0000,-9.4313E+001
651.0000,-7.6585E+001
652.0000,-6.5666E+001
653.0000,-7.4819E+001
654.0000,-1.0175E+002
655.0000,-9.1034E+001
656.0000,-8.9997E+001
657.0000,-1.8089E+001
658.0000,-2.7490E+000
659.0000,-2.8119E+001
660.0000,-5.2474E+001
661.0000,-1.5816E+001
662.0000,-5.3740E+001
663.0000,-5.2335E+001
664.0000,-3.6713E+001
665.0000,-5.6038E+001
666.0000,-1.2702E+002
667.0000,-5.2844E+001
668.0000,-3.9087E+001
669.0000,-5.1518E+001
670.0000,-2.1362E+001
671.0000,-1.5295E+001
672.0000,-1.5966E+001
673.0000,-4.6427E+000
674.0000,9.3429E+000
675.0000,-3.8404E+001
676.0000,-7.5478E+001
677.0000,-7.4806E+001
678.0000,-4.6931E+001
679.0000,-3.3502E+001
680.0000,-3.2141E+001
681.0000,-8.9535E+001
682.0000,-6.9827E+001
683.0000,-4.0565E+001
684.0000,-1.1564E+001
685.0000,-2.3963E+001
686.0000,2.8791E+001
687.0000,-2.6948E+001
688.0000,-9.9457E+001
689.0000,-7.4635E+001
690.0000,-1.5840E+002
691.0000,-9.2370E+001
692.0000,-7.5722E+001
693.0000,-6.7107E+001
694.0000,-3.3120E+001
695.0000,-2.7812E+001
696.0000,-6.0435E+001
697.0000,-5.1108E+001
698.0000,-3.7749E+001
699.0000,-3.3990E+001
700.0000,-2.7713E+001
701.0000,-4.8374E+001
702.0000,-4.6395E+001
703.0000,-4.2782E+001
704.0000,-4.0514E+001
705.0000,-2.2703E+001
706.0000,-3.7937E+001
707.0000,-5.6939E+000
708.0000,-2.3541E+001
709.0000,-1.1846E+001
710.0000,-2.1246E+000
711.0000,2.6615E+000
712.0000,3.4048E+001
713.0000,-2.3326E+001
714.0000,-4.1063E+001
715.0000,-5.0891E+001
716.0000,-7.5877E+001
717.0000,-1.0324E+002
718.0000,-6.7371E+001
719.0000,-1.0533E+001
720.0000,-5.8858E+000
721.0000,-1.9240E+001
722.0000,-2.7375E+001
723.0000,-2.1343E+001
724.0000,-3.9361E+001
725.0000,-3.3751E+001
726.0000,-5.2369E+001
727.0000,-6.4588E+001
728.0000,-3.7335E+001
729.0000,-4.1142E+001
730.0000,-9.3336E+001
731.0000,-7.9844E+001
732.0000,-7.9477E+001
733.0000,-4.9019E+001
734.0000,-7.8548E+001
735.0000,-7.3283E+001
736.0000,-1.5412E+001
737.0000,-9.8014E+000
738.0000,-1.1605E+001
739.0000,-1.2677E+002
740.0000,-1.2923E+002
741.0000,-1.0283E+002
742.0000,-1.1286E+002
743.0000,-5.0838E+001
744.0000,-1.6798E+001
745.0000,-3.9634E+001
746.0000,-1.2688E+002
747.0000,0.0000E+000
748.0000,0.0000E+000
749.0000,0.0000E+000
750.0000,0.0000E+000
751.0000,0.0000E+000
752.0000,0.0000E+000
753.0000,0.0000E+000
754.0000,0.0000E+000
755.0000,0.0000E+000
756.0000,0.0000E+000
757.0000,0.0000E+000
758.0000,0.0000E+000
759.0000,0.0000E+000
760.0000,4.4724E+000
761.0000,0.0000E+000
762.0000,0.0000E+000
763.0000,0.0000E+000
764.0000,0.0000E+000
765.0000,0.0000E+000
766.0000,0.0000E+000
767.0000,0.0000E+000
768.0000,0.0000E+000
769.0000,0.0000E+000
770.0000,0.0000E+000
771.0000,0.0000E+000
772.0000,0.0000E+000
773.0000,0.0000E+000
774.0000,0.0000E+000
775.0000,0.0000E+000
776.0000,0.0000E+000
777.0000,0.0000E+000
778.0000,0.0000E+000
779.0000,3.2682E+001
780.0000,2.7572E+001
781.0000,0.0000E+000
782.0000,0.0000E+000
783.0000,0.0000E+000
784.0000,0.0000E+000
785.0000,0.0000E+000
786.0000,0.0000E+000
787.0000,0.0000E+000
788.0000,3.5959E+001
789.0000,0.0000E+000
790.0000,0.0000E+000
791.0000,0.0000E+000
792.0000,0.0000E+000
793.0000,0.0000E+000
794.0000,5.5390E-001
795.0000,0.0000E+000
796.0000,5.7707E+001
797.0000,6.3589E+001
798.0000,9.2078E+001
799.0000,3.1048E+001
800.0000,1.2189E+001
801.0000,8.2758E+000
802.0000,7.3523E+000
803.0000,8.4230E+000
804.0000,1.8697E+001
805.0000,1.8047E+001
806.0000,6.7086E+000
807.0000,3.1909E+000
808.0000,-6.3853E+000
809.0000,-1.1508E+001
810.0000,-8.7446E+000
811.0000,-6.2571E+000
812.0000,1.5287E+001
813.0000,-3.7510E+001
814.0000,-4.6658E+001
815.0000,-2.5646E+001
816.0000,4.2676E+000
817.0000,2.7537E+000
818.0000,-9.2653E-001
819.0000,1.5381E+001
820.0000,3.4141E+000
821.0000,-2.5964E+000
822.0000,-3.6195E+001
823.0000,-3.4203E+001
824.0000,-3.3110E+001
825.0000,-1.6700E+001
826.0000,-1.6444E+001
827.0000,-2.5961E+001
828.0000,-1.1000E+001
829.0000,-5.8666E+001
830.0000,-4.6829E+001
831.0000,2.2204E+000
832.0000,-2.9244E+001
833.0000,-1.9869E+001
834.0000,-9.5102E+000
835.0000,-1.7711E+000
836.0000,7.7990E+000
837.0000,1.9462E+001
838.0000,2.0798E+001
839.0000,2.2312E+001
840.0000,1.7047E+001
841.0000,1.2011E+001
842.0000,2.0157E+001
843.0000,-6.6814E+000
844.0000,-1.0893E+001
845.0000,1.8213E+001
846.0000,1.9155E+001
847.0000,-4.2897E+001
848.0000,-3.1747E+001
849.0000,-1.7914E+001
850.0000,-3.0875E+001
851.0000,-2.1375E+001
852.0000,-2.5158E+001
853.0000,-1.1037E+001
854.0000,-2.8702E-001
855.0000,-3.3052E+001
856.0000,-1.3401E+001
857.0000,1.8890E+001
858.0000,-1.6516E+001
859.0000,-1.3411E+001
860.0000,-9.9123E+000
861.0000,-2.3101E+000
862.0000,7.3084E+000
863.0000,-1.1427E+001
864.0000,-8.0468E+001
865.0000,-5.0357E+001
866.0000,-3.9956E+001
867.0000,-1.2052E+001
868.0000,-2.8804E+001
869.0000,-1.5711E+001
870.0000,-3.1372E+001
871.0000,-4.5402E+000
872.0000,-1.0152E+001
873.0000,-1.0854E+001
874.0000,-6.6578E+000
875.0000,8.4034E+000
876.0000,9.8130E+000
877.0000,1.7289E+000
878.0000,3.8534E+000
879.0000,6.1917E+000
880.0000,-6.9286E+000
881.0000,-4.0175E+000
882.0000,2.4464E+000
883.0000,-3.0452E+001
884.0000,-1.2988E+001
885.0000,-2.6992E+001
886.0000,-1.6295E+001
887.0000,-2.2580E+001
888.0000,-3.8094E+001
889.0000,-5.3743E+001
890.0000,-2.2640E+001
891.0000,-1.1000E+001
892.0000,1.9431E+001
893.0000,1.7136E+000
894.0000,-4.3030E+001
895.0000,-6.1567E+000
896.0000,4.1824E+000
897.0000,-1.8362E+001
898.0000,-2.9040E+001
899.0000,-2.3326E+001
900.0000,-3.2162E+001
901.0000,-1.1987E+001
902.0000,-3.9173E+001
903.0000,-3.0403E+001
904.0000,-1.4227E+001
905.0000,-5.3929E+001
906.0000,-3.0943E+001
907.0000,3.3646E+000
908.0000,-3.3224E+001
909.0000,-3.2910E+001
910.0000,-3.5163E+001
911.0000,-5.1863E+001
912.0000,-5.2978E+001
913.0000,-2.9489E+001
914.0000,-5.4680E+001
915.0000,-4.0599E+001
916.0000,-3.2365E+001
917.0000,-3.0537E+000
918.0000,-5.8854E+000
919.0000,-1.9980E+001
920.0000,-4.0912E+001
921.0000,-4.5959E+001
922.0000,-2.6660E+001
923.0000,-1.3853E+001
924.0000,-3.6622E+001
925.0000,-2.3950E+001
926.0000,-3.0484E+001
927.0000,-4.4034E+001
928.0000,-4.7240E+001
929.0000,-8.2687E+000
930.0000,-1.6943E+001
931.0000,-2.7028E+001
932.0000,-1.5916E+001
933.0000,3.7090E-001
934.0000,-2.2795E+000
935.0000,-1.4485E+001
936.0000,-3.2000E+001
937.0000,-3.0445E+001
938.0000,-1.4148E+001
939.0000,-3.8062E+001
940.0000,-4.5763E+001
941.0000,-4.2914E+001
942.0000,-4.3879E+001
943.0000,-3.9666E+001
944.0000,-4.2979E+001
945.0000,-1.9862E+001
946.0000,-2.9466E+001
947.0000,-1.2092E+001
948.0000,-5.1597E+001
949.0000,-4.2387E+001
950.0000,-4.0246E+001
951.0000,-3.5775E+001
952.0000,-2.6013E+001
953.0000,-2.6236E+001
954.0000,-5.2955E+000
955.0000,-2.7729E+001
956.0000,-3.2132E+001
957.0000,-3.5079E+001
958.0000,-2.0686E+001
959.0000,-3.5399E+001
960.0000,-1.0538E+001
961.0000,-1.7028E+001
962.0000,-1.8768E+001
963.0000,-8.6221E+001
964.0000,-5.1279E+001
965.0000,-6.5325E+001
966.0000,-4.4149E+001
967.0000,-2.6544E+001
968.0000,-4.6752E+001
969.0000,-4.7232E+001
970.0000,-1.5162E+001
971.0000,-2.7213E+001
972.0000,-1.2019E+001
973.0000,-4.0990E+001
974.0000,-2.9914E+001
975.0000,-6.8108E+001
976.0000,-7.5820E+001
977.0000,-5.7596E+001
978.0000,-4.3101E+001
979.0000,-2.1442E+001
980.0000,-5.6763E+000
981.0000,-1.4258E+001
982.0000,-3.4193E+001
983.0000,-2.5541E+001
984.0000,-7.9611E+001
985.0000,-7.4606E+001
986.0000,-5.1571E+001
987.0000,-5.7303E+001
988.0000,-6.0278E+001
989.0000,-4.0134E+001
990.0000,-2.6375E+001
991.0000,-4.2740E+001
992.0000,-4.1086E+001
993.0000,-2.0392E+001
994.0000,-4.2329E+001
995.0000,-2.1384E+001
996.0000,-1.4691E+001
997.0000,-3.9037E+001
998.0000,-4.8871E+001
999.0000,-7.4393E+001
1000.0000,-1.0152E+002
1001.0000,-6.5507E+001
1002.0000,-8.2096E+001
1003.0000,-6.3423E+001
1004.0000,-3.3944E+001
1005.0000,-4.0348E+001
1006.0000,-2.8405E+001
1007.0000,-3.2467E+001
1008.0000,-2.6690E+001
1009.0000,-2.3836E+001
1010.0000,-1.2735E+001
1011.0000,-8.6545E+001
1012.0000,-5.5791E+001
1013.0000,-6.6090E+001
1014.0000,-3.0716E+001
1015.0000,-4.1881E+001
1016.0000,-8.6381E+001
1017.0000,-9.2692E+001
1018.0000,-5.5998E+001
1019.0000,1.7320E+000
1020.0000,-5.2554E+000
1021.0000,7.0177E+000
1022.0000,-4.6530E+001
1023.0000,-4.2887E+001
1024.0000,-7.4651E+001
1025.0000,-6.4844E+001
1026.0000,-3.7182E+001
1027.0000,-6.2147E+001
1028.0000,-4.5572E+001
1029.0000,-6.9561E+001
1030.0000,-5.3659E+001
1031.0000,-6.0544E+001
1032.0000,1.9911E-001
1033.0000,-3.8066E+001
1034.0000,-5.9008E+001
1035.0000,-1.0926E+001
1036.0000,-1.8531E+001
1037.0000,-2.8868E+001
1038.0000,-4.4613E+001
1039.0000,-3.5679E+001
1040.0000,-2.6547E+001
1041.0000,-3.3962E+001
1042.0000,-2.6366E+001
1043.0000,-5.5498E+001
1044.0000,-6.0799E+001
1045.0000,-5.5770E+001
1046.0000,-5.5028E+001
1047.0000,-9.7538E+001
1048.0000,-5.5274E+001
1049.0000,-3.8982E+001
1050.0000,-3.0820E+001
1051.0000,-4.2753E+001
1052.0000,-4.8016E+000
1053.0000,-1.5349E+002
1054.0000,-1.1340E+002
1055.0000,-8.6844E+001
1056.0000,-8.3268E+001
1057.0000,-6.0727E+001
1058.0000,-4.2153E+001
1059.0000,-4.7452E+001
1060.0000,-5.3148E+001
1061.0000,-5.0429E+001
1062.0000,-4.6425E+001
1063.0000,-6.6876E+000
1064.0000,-3.4529E+001
1065.0000,-5.0033E+001
1066.0000,-3.9036E+001
1067.0000,-4.4730E+001
1068.0000,-3.6330E+001
1069.0000,-6.3301E+001
1070.0000,-5.1052E+001
1071.0000,-1.1786E+002
1072.0000,-1.2899E+002
1073.0000,-9.3845E+001
1074.0000,-8.9260E+001
1075.0000,-7.3105E+001
1076.0000,-8.0785E+001
1077.0000,-8.3416E+001
1078.0000,-1.6775E+002
1079.0000,-1.8560E+002
1080.0000,-1.0059E+002
1081.0000,-5.4567E+001
1082.0000,-1.8967E+002
1083.0000,-1.9102E+002
1084.0000,-1.8097E+002
1085.0000,-6.5703E+001
1086.0000,-4.8381E+001
1087.0000,-7.2561E+001
1088.0000,-1.2237E+001
1089.0000,-3.9702E+001
1090.0000,1.0872E+001
1091.0000,-5.7059E+001
1092.0000,-3.6461E+001
1093.0000,-3.2114E+001
1094.0000,-5.1687E+001
1095.0000,-2.7070E+001
1096.0000,-3.5784E+001
1097.0000,-1.7080E+001
1098.0000,-3.0248E+000
1099.0000,-1.3282E+002
1100.0000,0.0000E+000
1101.0000,0.0000E+000
1102.0000,0.0000E+000
1103.0000,0.0000E+000
1104.0000,0.0000E+000
1105.0000,0.0000E+000
1106.0000,0.0000E+000
1107.0000,0.0000E+000
1108.0000,0.0000E+000
1109.0000,0.0000E+000
1110.0000,0.0000E+000
1111.0000,0.0000E+000
1112.0000,1.1280E+000
1113.0000,0.0000E+000
1114.0000,0.0000E+000
1115.0000,7.4674E+000
1116.0000,5.2765E+000
1117.0000,6.1212E+000
1118.0000,0.0000E+000
1119.0000,5.8688E-001
1120.0000,6.0539E+000
1121.0000,0.0000E+000
1122.0000,0.0000E+000
1123.0000,0.0000E+000
1124.0000,0.0000E+000
1125.0000,0.0000E+000
1126.0000,0.0000E+000
1127.0000,0.0000E+000
1128.0000,0.0000E+000
1129.0000,0.0000E+000
1130.0000,0.0000E+000
1131.0000,0.0000E+000
1132.0000,0.0000E+000
1133.0000,0.0000E+000
1134.0000,0.0000E+000
1135.0000,0.0000E+000
1136.0000,0.0000E+000
1137.0000,0.0000E+000
1138.0000,0.0000E+000
1139.0000,0.0000E+000
1140.0000,0.0000E+000
1141.0000,0.0000E+000
1142.0000,0.0000E+000
1143.0000,0.0000E+000
1144.0000,3.5113E+001
1145.0000,1.6610E+001
1146.0000,2.2702E+001
1147.0000,1.0261E+002
1148.0000,5.8253E+001
1149.0000,7.8524E+001
1150.0000,1.9218E+001
1151.0000,0.0000E+000
1152.0000,0.0000E+000
1153.0000,0.0000E+000
1154.0000,1.6572E+001
1155.0000,2.6483E+001
1156.0000,0.0000E+000
1157.0000,0.0000E+000
1158.0000,0.0000E+000
1159.0000,0.0000E+000
1160.0000,9.0653E+001
1161.0000,1.6887E+002
1162.0000,1.6164E+001
1163.0000,-2.0047E+001
1164.0000,-3.5037E+001
1165.0000,-8.0870E+001
1166.0000,-4.8966E+001
1167.0000,-4.0350E+001
1168.0000,-5.0975E+001
1169.0000,-7.1216E+001
1170.0000,-5.9262E+001
1171.0000,-1.4775E+001
1172.0000,4.0640E+000
1173.0000,-5.6217E+000
1174.0000,1.2734E+001
1175.0000,6.2642E+000
1176.0000,-2.4897E+001
1177.0000,-2.2152E+001
1178.0000,8.4661E+000
1179.0000,9.6662E+000
1180.0000,1.3689E+001
1181.0000,1.1895E+001
1182.0000,1.3643E+001
1183.0000,-5.0142E+000
1184.0000,8.1496E+000
1185.0000,-1.4705E+001
1186.0000,-7.4493E+000
1187.0000,2.9629E+000
1188.0000,1.0269E+001
1189.0000,1.3456E+001
1190.0000,1.5706E+000
1191.0000,1.2329E+000
1192.0000,-3.1558E+001
1193.0000,-1.3000E+001
1194.0000,4.1478E+001
1195.0000,4.8311E+001
1196.0000,1.0398E+000
1197.0000,-1.3062E+000
1198.0000,2.7929E+000
1199.0000,-3.5651E+000
1200.0000,8.3668E+001
1201.0000,5.4688E+001
1202.0000,-4.0032E+000
1203.0000,-1.2091E+000
1204.0000,2.2356E+001
1205.0000,8.2531E+000
1206.0000,-3.0465E+001
1207.0000,-1.6117E+001
1208.0000,-9.8414E+000
1209.0000,-1.3219E+001
1210.0000,-5.2273E+000
1211.0000,8.8561E+000
1212.0000,-7.3976E-001
1213.0000,-4.4905E+001
1214.0000,-1.4776E+001
1215.0000,-6.7243E+001
1216.0000,-4.3311E+001
1217.0000,-6.8711E+001
1218.0000,-2.3147E+001
1219.0000,-2.3468E+001
1220.0000,-1.6116E+001
1221.0000,-1.2828E+001
1222.0000,-3.8090E+001
1223.0000,-4.5710E+001
1224.0000,-3.2377E+001
1225.0000,-1.7975E+001
1226.0000,-2.8973E+000
1227.0000,-9.8499E-001
1228.0000,-1.9959E+001
1229.0000,1.0166E+000
1230.0000,-2.9254E+001
1231.0000,9.6018E+000
1232.0000,3.1575E+001
1233.0000,3.7666E+001
1234.0000,-4.3255E+001
1235.0000,-6.9213E+001
1236.0000,-2.5217E+001
1237.0000,-4.3443E+001
1238.0000,-1.7592E+001
1239.0000,-2.3383E+001
1240.0000,-3.1142E+001
1241.0000,-1.1912E+001
1242.0000,-1.4369E+001
1243.0000,-2.1518E+000
1244.0000,-2.7220E+001
1245.0000,-3.3316E+001
1246.0000,-4.1609E+001
1247.0000,-3.4406E+001
1248.0000,-5.5417E+000
1249.0000,-1.6332E+001
1250.0000,4.4262E+000
1251.0000,-9.1945E+000
1252.0000,-3.2689E+001
1253.0000,-2.7926E+001
1254.0000,-4.0031E+001
1255.0000,-1.2430E+001
1256.0000,-1.3833E+001
1257.0000,-4.8046E+000
1258.0000,1.7434E+001
1259.0000,7.6672E+000
1260.0000,4.3937E+000
1261.0000,6.3497E+000
1262.0000,-1.6802E+001
1263.0000,-9.5595E-003
1264.0000,-7.8616E+000
1265.0000,-4.1660E+001
1266.0000,-4.1135E+001
1267.0000,-4.7657E+001
1268.0000,-2.2237E+001
1269.0000,-3.5298E+001
1270.0000,-5.0430E+001
1271.0000,-7.0023E+001
1272.0000,-7.0969E+001
1273.0000,-5.6924E+001
1274.0000,-6.2563E+001
1275.0000,5.2014E+000
1276.0000,-6.5399E+000
1277.0000,-2.5744E+001
1278.0000,-3.1641E+001
1279.0000,-2.2876E+001
1280.0000,-3.5848E+001
1281.0000,-2.9741E+001
1282.0000,-7.0268E+000
1283.0000,-9.2273E+000
1284.0000,-3.9731E+001
1285.0000,-4.7719E+001
1286.0000,-2.5297E+001
1287.0000,-1.7820E+001
1288.0000,-9.3237E+000
1289.0000,-1.3813E+001
1290.0000,-4.5342E+001
1291.0000,-3.9366E+001
1292.0000,-2.4136E+001
1293.0000,-7.3034E+001
1294.0000,-6.8086E+001
1295.0000,-1.3359E+001
1296.0000,-1.7426E+001
1297.0000,-2.8470E+001
1298.0000,-1.6544E+001
1299.0000,-2.1986E+001
1300.0000,-4.7279E+001
1301.0000,-5.4030E+001
1302.0000,-3.8564E+001
1303.0000,-2.5799E+001
1304.0000,-5.5182E+001
1305.0000,-5.8549E+001
1306.0000,-3.7636E+001
1307.0000,-3.0944E+001
1308.0000,-2.4095E+001
1309.0000,-2.7134E+001
1310.0000,-3.3839E+001
1311.0000,-8.4881E+001
1312.0000,-6.8886E+001
1313.0000,-4.7192E+001
1314.0000,-2.5690E+001
1315.0000,-3.5674E+001
1316.0000,-4.1866E+001
1317.0000,-6.4401E+001
1318.0000,-4.4823E+001
1319.0000,-4.2539E+001
1320.0000,-3.0577E+001
1321.0000,-2.9417E+001
1322.0000,-2.8660E+001
1323.0000,-4.5237E+001
1324.0000,-1.6450E+001
1325.0000,-4.1660E+001
1326.0000,-4.5186E+001
1327.0000,-4.1100E+001
1328.0000,-2.0835E+001
1329.0000,-1.9014E+001
1330.0000,-7.0830E+001
1331.0000,-5.5346E+001
1332.0000,-6.2901E+001
1333.0000,-6.6397E+001
1334.0000,-7.4739E+001
1335.0000,-2.2537E+001
1336.0000,-2.7453E+001
1337.0000,-3.9160E+001
1338.0000,-3.0441E+001
1339.0000,-9.4224E+001
1340.0000,-6.8721E+001
1341.0000,-3.8928E+001
1342.0000,-4.6590E+001
1343.0000,-5.9018E+001
1344.0000,-8.2874E+001
1345.0000,-7.6716E+001
1346.0000,-3.3044E+001
1347.0000,-7.4145E+001
1348.0000,-7.2549E+001
1349.0000,-7.5594E+001
1350.0000,-3.9024E+001
1351.0000,-2.1584E+001
1352.0000,-4.3516E+001
1353.0000,-3.3137E+001
1354.0000,-2.9766E+001
1355.0000,-1.0719E+001
1356.0000,-3.3530E+001
1357.0000,-3.2110E+001
1358.0000,-3.7437E+001
1359.0000,2.4153E+000
1360.0000,-7.7790E+000
1361.0000,-1.1594E+001
1362.0000,-1.4302E+001
1363.0000,-2.3199E+001
1364.0000,-2.2796E+001
1365.0000,-4.3555E+001
1366.0000,-6.4255E+001
1367.0000,-4.2317E+001
1368.0000,-7.0417E+001
1369.0000,-8.8558E+001
1370.0000,-6.0081E+001
1371.0000,-1.6933E+001
1372.0000,1.6842E+000
1373.0000,-5.7800E+001
1374.0000,-2.6679E+001
1375.0000,-3.9085E+001
1376.0000,-4.0680E+001
1377.0000,-1.7249E+001
1378.0000,-5.2252E+001
1379.0000,-9.8704E+001
1380.0000,-3.7038E+001
1381.0000,-3.8110E+001
1382.0000,-4.4620E+001
1383.0000,-3.3661E+001
1384.0000,-6.6475E+001
1385.0000,-7.9149E+001
1386.0000,-5.9043E+001
1387.0000,-4.2360E+001
1388.0000,-4.5295E+001
1389.0000,-2.7764E+001
1390.0000,4.5169E-001
1391.0000,-5.3550E+001
1392.0000,-7.7413E+001
1393.0000,-1.1294E+002
1394.0000,-7.4724E+001
1395.0000,-6.8923E+001
1396.0000,-9.7859E+001
1397.0000,-6.7481E+001
1398.0000,-6.7046E+001
1399.0000,-1.2068E+002
1400.0000,-9.4698E+001
1401.0000,-4.1404E+001
1402.0000,-7.9231E+001
1403.0000,-6.3849E+001
1404.0000,-3.5868E+001
1405.0000,-8.8154E+001
1406.0000,-6.0025E+001
1407.0000,-7.7049E+001
1408.0000,-7.8599E+001
1409.0000,-1.1828E+002
1410.0000,-1.0419E+002
1411.0000,-4.1843E+001
1412.0000,-6.2381E+001
1413.0000,-5.8511E+001
1414.0000,-2.3543E+001
1415.0000,-1.0142E+002
1416.0000,-6.0582E+001
1417.0000,-1.4817E+001
1418.0000,-1.1097E+002
1419.0000,-6.9149E+001
1420.0000,-4.2762E+001
1421.0000,-9.7530E+001
1422.0000,-7.3873E+001
1423.0000,-5.9399E+001
1424.0000,-1.0509E+001
1425.0000,-4.5568E+001
1426.0000,-1.2261E+001
1427.0000,4.1224E+000
1428.0000,-3.7779E+001
1429.0000,-1.8984E+001
1430.0000,-3.3339E+001
1431.0000,-3.1502E+001
1432.0000,-2.5444E+001
1433.0000,3.3953E+000
1434.0000,1.3048E+001
1435.0000,-7.0032E+001
1436.0000,-9.4497E+001
1437.0000,-8.3188E+001
1438.0000,-3.8902E+001
1439.0000,-5.4646E+001
1440.0000,-4.2553E+001
1441.0000,-1.0159E+002
1442.0000,-6.0412E+001
1443.0000,-4.3985E+001
1444.0000,-4.3994E+001
1445.0000,-3.4537E+001
1446.0000,-2.5570E+001
1447.0000,-9.2121E+000
1448.0000,-9.2551E+000
1449.0000,-2.9059E+001
1450.0000,-2.8073E+001
1451.0000,-2.5540E+001
1452.0000,-3.2119E+001
1453.0000,-6.0358E+001
1454.0000,-6.6327E+001
1455.0000,-1.5570E+002
1456.0000,-1.2259E+002
1457.0000,-9.0032E+001
1458.0000,-6.4482E+001
1459.0000,0.0000E+000
1460.0000,0.0000E+000
1461.0000,0.0000E+000
1462.0000,0.0000E+000
1463.0000,0.0000E+000
1464.0000,0.0000E+000
1465.0000,0.0000E+000
1466.0000,0.0000E+000
1467.0000,0.0000E+000
1468.0000,0.0000E+000
1469.0000,0.0000E+000
1470.0000,0.0000E+000
1471.0000,4.7088E+001
1472.0000,0.0000E+000
1473.0000,0.0000E+000
1474.0000,0.0000E+000
1475.0000,0.0000E+000
1476.0000,0.0000E+000
1477.0000,0.0000E+000
1478.0000,0.0000E+000
1479.0000,0.0000E+000
1480.0000,0.0000E+000
1481.0000,0.0000E+000
1482.0000,1.6859E+000
1483.0000,0.0000E+000
1484.0000,0.0000E+000
1485.0000,0.0000E+000
1486.0000,0.0000E+000
1487.0000,2.1356E+001
1488.0000,0.0000E+000
1489.0000,0.0000E+000
1490.0000,0.0000E+000
1491.0000,0.0000E+000
1492.0000,0.0000E+000
1493.0000,0.0000E+000
1494.0000,0.0000E+000
1495.0000,0.0000E+000
1496.0000,0.0000E+000
1497.0000,0.0000E+000
1498.0000,0.0000E+000
1499.0000,0.0000E+000
1500.0000,0.0000E+000
1501.0000,0.0000E+000
1502.0000,0.0000E+000
1503.0000,0.0000E+000
1504.0000,0.0000E+000
1505.0000,0.0000E+000
1506.0000,1.4404E+001
1507.0000,0.0000E+000
1508.0000,0.0000E+000
1509.0000,0.0000E+000
1510.0000,0.0000E+000
1511.0000,4.0451E+000
1512.0000,0.0000E+000
1513.0000,0.0000E+000
1514.0000,0.0000E+000
1515.0000,0.0000E+000
1516.0000,1.1136E+001
1517.0000,0.0000E+000
1518.0000,2.6390E+000
1519.0000,2.6822E+001
1520.0000,1.9875E+001
1521.0000,0.0000E+000
1522.0000,0.0000E+000
1523.0000,0.0000E+000
1524.0000,9.6167E-001
1525.0000,9.6401E+000
1526.0000,0.0000E+000
1527.0000,0.0000E+000
1528.0000,0.0000E+000
1529.0000,0.0000E+000
1530.0000,0.0000E+000
1531.0000,6.5975E-002
1532.0000,0.0000E+000
1533.0000,0.0000E+000
1534.0000,0.0000E+000
1535.0000,0.0000E+000
1536.0000,0.0000E+000
1537.0000,0.0000E+000
1538.0000,4.7073E+000
1539.0000,0.0000E+000
1540.0000,0.0000E+000
1541.0000,0.0000E+000
1542.0000,0.0000E+000
1543.0000,0.0000E+000
1544.0000,0.0000E+000
1545.0000,0.0000E+000
1546.0000,2.2562E+001
1547.0000,1.4959E+000
1548.0000,6.1983E+000
1549.0000,-2.8189E+001
1550.0000,-2.2748E+001
1551.0000,-7.3812E+001
1552.0000,-4.2553E+001
1553.0000,-1.8050E+001
1554.0000,-7.2746E+001
1555.0000,-2.9178E+001
1556.0000,-2.5978E+001
1557.0000,-7.0985E+001
1558.0000,-4.2899E+001
1559.0000,-2.8780E+001
1560.0000,-2.1225E+001
1561.0000,-2.3169E+001
1562.0000,2.4545E+000
1563.0000,9.0266E+000
1564.0000,-4.8216E+001
1565.0000,-8.5343E+001
1566.0000,-5.7857E+001
1567.0000,-5.3751E+001
1568.0000,-4.3378E+001
1569.0000,-3.4847E+001
1570.0000,-2.2996E+001
1571.0000,-2.3277E+000
1572.0000,-6.8990E-001
1573.0000,-6.4116E+000
1574.0000,3.9238E+000
1575.0000,1.2581E+001
1576.0000,-1.6453E+000
1577.0000,3.7973E+000
1578.0000,-1.4017E+001
1579.0000,-1.3888E+001
1580.0000,-1.9183E+001
1581.0000,3.4357E+001
1582.0000,6.0024E+001
1583.0000,3.9813E+001
1584.0000,2.2042E+001
1585.0000,9.9252E+000
1586.0000,1.4973E+001
1587.0000,-1.3232E+000
1588.0000,8.2101E+000
1589.0000,9.4779E+000
1590.0000,2.7411E+000
1591.0000,-1.6727E+001
1592.0000,-4.3838E+001
1593.0000,-2.0737E+001
1594.0000,8.0423E+000
1595.0000,1.9617E+001
1596.0000,-1.1944E+001
1597.0000,3.2460E+000
1598.0000,-1.9715E+001
1599.0000,-1.8849E+000
1600.0000,3.6457E+000
1601.0000,-3.1071E+001
1602.0000,-1.8404E+001
1603.0000,-5.7507E+000
1604.0000,-1.2130E+000
1605.0000,3.3522E+000
1606.0000,5.8030E+000
1607.0000,3.9734E+000
1608.0000,5.0247E+000
1609.0000,2.5855E+000
1610.0000,-9.8150E+000
1611.0000,-5.8960E+000
1612.0000,-8.7410E+000
1613.0000,-6.1725E+001
1614.0000,-1.6618E+001
1615.0000,-5.1977E+001
1616.0000,-2.6422E+001
1617.0000,-5.5291E+001
1618.0000,-1.2552E+001
1619.0000,-3.0287E+001
1620.0000,-2.4851E+001
1621.0000,-3.0323E+001
1622.0000,-3.1333E+001
1623.0000,-2.5308E+001
1624.0000,-2.7142E+000
1625.0000,-1.6424E+001
1626.0000,-2.7527E+001
1627.0000,2.5275E+000
1628.0000,4.0595E+000
1629.0000,1.6822E+000
1630.0000,-2.5907E+001
1631.0000,-2.7304E+001
1632.0000,-3.1247E+001
1633.0000,-3.0923E+001
1634.0000,-3.1571E+001
1635.0000,-2.0650E+001
1636.0000,-3.6932E+001
1637.0000,-4.9425E+001
1638.0000,-1.5480E+001
1639.0000,-1.6599E+001
1640.0000,-1.4343E+001
1641.0000,-1.6604E+000
1642.0000,4.2859E+000
1643.0000,-3.5800E+001
1644.0000,-3.4948E+001
1645.0000,-1.2100E+001
1646.0000,-4.0116E+000
1647.0000,-5.8471E+001
1648.0000,-6.2783E+001
1649.0000,-6.9861E+001
1650.0000,-4.1573E+001
1651.0000,-1.5328E+001
1652.0000,-2.7598E+001
1653.0000,-4.7303E+001
1654.0000,-2.9223E+001
1655.0000,-1.2723E+001
1656.0000,-1.3338E+001
1657.0000,-2.3071E+001
1658.0000,-5.8786E+001
1659.0000,-4.3174E+001
1660.0000,-5.3221E+001
1661.0000,-3.4470E+001
1662.0000,-6.6614E+001
1663.0000,-4.4413E+001
1664.0000,-3.8607E+001
1665.0000,-1.1542E+001
1666.0000,-4.6020E+001
1667.0000,-3.5497E+001
1668.0000,-6.6994E+001
1669.0000,-4.2880E+001
1670.0000,-2.5310E+001
1671.0000,-2.5662E+001
1672.0000,-2.8832E+001
1673.0000,-3.2794E+001
1674.0000,-3.0447E+001
1675.0000,-4.8586E+001
1676.0000,-4.1602E+001
1677.0000,-3.0689E+001
1678.0000,-3.4312E+000
1679.0000,-2.3286E+001
1680.0000,-1.7006E+001
1681.0000,-3.7275E+001
1682.0000,-2.4162E+001
1683.0000,-1.9148E+001
1684.0000,-2.1768E+001
1685.0000,-2.0829E+001
1686.0000,-4.1530E+001
1687.0000,-1.4664E+001
1688.0000,-1.4656E+001
1689.0000,-9.4653E+000
1690.0000,-3.3153E+001
1691.0000,-2.9769E+001
1692.0000,-4.2669E+001
1693.0000,-2.1089E+001
1694.0000,-6.8626E+001
1695.0000,-6.9530E+001
1696.0000,-4.1124E+001
1697.0000,-4.1646E+001
1698.0000,-1.3382E+001
1699.0000,-1.0801E+001
1700.0000,-1.4770E+001
1701.0000,-1.3412E+001
1702.0000,-6.7293E+001
1703.0000,-6.6037E+001
1704.0000,-2.9586E+001
1705.0000,-1.2281E+001
1706.0000,-1.2121E+001
1707.0000,-2.4844E+001
1708.0000,-1.3188E+001
1709.0000,-3.4156E+001
1710.0000,-6.6657E+001
1711.0000,-7.9321E+001
1712.0000,-7.8379E+001
1713.0000,-6.9243E+001
1714.0000,-7.7505E+001
1715.0000,-5.7574E+001
1716.0000,-4.9608E+001
1717.0000,-4.5766E+001
1718.0000,-3.0059E+001
1719.0000,-2.4971E+001
1720.0000,-1.8129E+001
1721.0000,-1.4129E+001
1722.0000,-2.9448E+001
1723.0000,-3.0007E+001
1724.0000,1.4756E+000
1725.0000,-9.1030E+001
1726.0000,-7.4157E+001
1727.0000,-7.0999E+001
1728.0000,-3.6371E+001
1729.0000,-8.9708E+001
1730.0000,-7.9557E+001
1731.0000,-4.4295E+001
1732.0000,-1.1103E+002
1733.0000,-9.2868E+001
1734.0000,-8.0347E+001
1735.0000,-5.5990E+001
1736.0000,-3.1978E+001
1737.0000,-4.8817E+000
1738.0000,-8.2044E+001
1739.0000,-1.9940E+001
1740.0000,-4.4894E+001
1741.0000,-5.1563E+001
1742.0000,5.5369E-001
1743.0000,7.7640E+000
1744.0000,-1.4396E+002
1745.0000,-1.1511E+002
1746.0000,-1.0772E+002
1747.0000,-7.8560E+001
1748.0000,-1.2470E+002
1749.0000,-1.1511E+002
1750.0000,-6.8856E+001
1751.0000,-7.6807E+001
1752.0000,-7.0167E+001
1753.0000,-5.0945E+001
1754.0000,-1.0173E+002
1755.0000,-8.3669E+001
1756.0000,-7.3031E+001
1757.0000,-4.3749E+001
1758.0000,-6.8565E+001
1759.0000,-3.2058E+001
1760.0000,-2.8432E+001
1761.0000,-5.8296E+001
1762.0000,-4.2706E+001
1763.0000,-4.7145E+001
1764.0000,-2.6279E+001
1765.0000,-2.9287E+001
1766.0000,-3.8948E+001
1767.0000,-3.3078E+001
1768.0000,-6.3954E+001
1769.0000,-3.6293E+001
1770.0000,-3.9989E+001
1771.0000,-8.8224E+001
1772.0000,-7.4449E+001
1773.0000,-4.5723E+001
1774.0000,-1.8970E+002
1775.0000,-1.0468E+002
1776.0000,-8.2218E+001
1777.0000,-1.2461E+002
1778.0000,-8.7428E+001
1779.0000,-8.7470E+001
1780.0000,-6.8676E+001
1781.0000,-4.4108E+001
1782.0000,-5.4862E+001
1783.0000,-6.6802E+001
1784.0000,-6.3965E+001
1785.0000,-6.8662E+001
1786.0000,-6.4448E+001
1787.0000,-5.3955E+001
1788.0000,-1.5611E+001
1789.0000,-3.4585E+001
1790.0000,-1.0653E+002
1791.0000,-1.0221E+002
1792.0000,-7.0385E+001
1793.0000,-6.1389E+001
1794.0000,-2.8108E+001
1795.0000,-4.5768E+001
1796.0000,-3.3310E+001
1797.0000,-4.5137E+001
1798.0000,-3.0430E+001
1799.0000,-4.3982E+001
1800.0000,-3.5823E+001
1801.0000,-6.7014E+001
1802.0000,-3.9834E+001
1803.0000,-5.3281E+001
1804.0000,-4.3425E+001
1805.0000,-5.6627E+001
1806.0000,-3.8139E+001
1807.0000,-2.5738E+001
1808.0000,-1.4665E+001
1809.0000,-2.1176E+001
1810.0000,-1.9672E+001
1811.0000,-3.0909E+001
1812.0000,-2.2583E+001
1813.0000,-2.1721E+001
1814.0000,-5.3689E+000
1815.0000,-2.2644E+001
1816.0000,-2.2397E+001
1817.0000,-1.7217E+001
1818.0000,-2.5383E+001
1819.0000,-2.0100E+001
1820.0000,-9.2547E+000
1821.0000,-5.9515E+000
1822.0000,1.4076E+001
1823.0000,-2.8852E+001
1824.0000,-3.6578E+001
1825.0000,-2.6213E+001
1826.0000,-2.2821E+001
1827.0000,-2.8293E+001
1828.0000,-4.0607E+001
1829.0000,-2.2211E+001
1830.0000,-1.9772E+001
1831.0000,-1.8327E+001
1832.0000,-4.6718E-001
1833.0000,-3.7786E+000
1834.0000,-6.4049E+001
1835.0000,-7.0978E+001
1836.0000,-2.8917E+001
1837.0000,-1.2661E+001
1838.0000,-1.8043E+001
1839.0000,-1.5998E+001
1840.0000,-1.5048E+001
1841.0000,-2.0749E+001
1842.0000,-2.8158E+001
1843.0000,-1.9015E+001
1844.0000,0.0000E+000
1845.0000,0.0000E+000
1846.0000,0.0000E+000
1847.0000,0.0000E+000
1848.0000,0.0000E+000
1849.0000,0.0000E+000
1850.0000,0.0000E+000
1851.0000,0.0000E+000
1852.0000,0.0000E+000
1853.0000,0.0000E+000
1854.0000,0.0000E+000
1855.0000,0.0000E+000
1856.0000,0.0000E+000
1857.0000,0.0000E+000
1858.0000,0.0000E+000
1859.0000,1.2212E+001
1860.0000,6.8680E+000
1861.0000,0.0000E+000
1862.0000,0.0000E+000
1863.0000,0.0000E+000
1864.0000,0.0000E+000
1865.0000,0.0000E+000
1866.0000,0.0000E+000
1867.0000,0.0000E+000
1868.0000,0.0000E+000
1869.0000,0.0000E+000
1870.0000,0.0000E+000
1871.0000,0.0000E+000
1872.0000,0.0000E+000
1873.0000,0.0000E+000
1874.0000,0.0000E+000
1875.0000,0.0000E+000
1876.0000,0.0000E+000
1877.0000,0.0000E+000
1878.0000,0.0000E+000
1879.0000,0.0000E+000
1880.0000,0.0000E+000
1881.0000,0.0000E+000
1882.0000,0.0000E+000
1883.0000,0.0000E+000
1884.0000,0.0000E+000
1885.0000,0.0000E+000
1886.0000,0.0000E+000
1887.0000,0.0000E+000
1888.0000,0.0000E+000
1889.0000,0.0000E+000
1890.0000,0.0000E+000
1891.0000,0.0000E+000
1892.0000,0.0000E+000
1893.0000,0.0000E+000
1894.0000,0.0000E+000
1895.0000,0.0000E+000
1896.0000,0.0000E+000
1897.0000,1.9076E+001
1898.0000,1.1645E+002
1899.0000,3.2712E+001
1900.0000,0.0000E+000
1901.0000,0.0000E+000
1902.0000,0.0000E+000
1903.0000,0.0000E+000
1904.0000,4.5024E+000
1905.0000,8.7794E+000
1906.0000,4.4856E+000
1907.0000,0.0000E+000
1908.0000,1.7528E+001
1909.0000,8.2558E+000
1910.0000,0.0000E+000
1911.0000,0.0000E+000
1912.0000,1.0454E+002
1913.0000,2.7424E+001
1914.0000,1.7818E+001
1915.0000,0.0000E+000
1916.0000,0.0000E+000
1917.0000,5.8083E+001
1918.0000,7.5106E+000
1919.0000,7.6301E+000
1920.0000,1.3678E+001
1921.0000,2.2427E+001
1922.0000,2.7117E+001
1923.0000,3.2755E+001
1924.0000,5.4246E+001
1925.0000,-2.6652E+000
1926.0000,-1.7507E+001
1927.0000,7.0662E+000
1928.0000,-2.4199E+001
1929.0000,-2.0758E+001
1930.0000,-2.0568E+001
1931.0000,7.2177E-001
1932.0000,2.9012E+001
1933.0000,6.5122E+001
1934.0000,-8.3529E+000
1935.0000,-1.5594E+001
1936.0000,3.2578E+000
1937.0000,3.4483E+001
1938.0000,5.2460E+001
1939.0000,-1.8060E+000
1940.0000,-1.6507E+000
1941.0000,5.0791E+000
1942.0000,-1.8917E+001
1943.0000,-3.4512E+001
1944.0000,-2.2581E+001
1945.0000,-5.4665E+000
1946.0000,-2.2409E+001
1947.0000,-9.1672E+000
1948.0000,-4.5068E+000
1949.0000,-4.8121E+000
1950.0000,-8.4546E+000
1951.0000,1.3318E+001
1952.0000,-8.9982E+000
1953.0000,-5.1241E+001
1954.0000,1.3212E+001
1955.0000,-2.7377E+001
1956.0000,-1.0884E+001
1957.0000,-2.4955E+001
1958.0000,-3.3392E+001
1959.0000,-4.7325E+000
1960.0000,-9.0296E+000
1961.0000,3.0050E+000
1962.0000,1.3669E+001
1963.0000,-3.5783E+001
1964.0000,1.8930E+001
1965.0000,-4.5733E+001
1966.0000,-2.3280E+001
1967.0000,-4.2998E+001
1968.0000,1.2502E+001
1969.0000,-2.2021E+000
1970.0000,2.9123E+001
1971.0000,3.1373E+000
1972.0000,-9.7455E+000
1973.0000,-2.7788E+000
1974.0000,-6.0093E+000
1975.0000,-8.3970E-001
1976.0000,-1.2870E-001
1977.0000,2.0596E+000
1978.0000,-2.5865E+001
1979.0000,-2.7484E+001
1980.0000,-2.6099E+001
1981.0000,4.8545E+000
1982.0000,-9.1039E+000
1983.0000,-1.9422E+001
1984.0000,-3.1639E+001
1985.0000,-2.1046E+001
1986.0000,-4.6433E+001
1987.0000,-4.2963E+001
1988.0000,-2.5737E+001
1989.0000,-6.1278E+001
1990.0000,-5.5066E+001
1991.0000,-1.6920E+001
1992.0000,-1.6767E+001
1993.0000,-3.3799E+001
1994.0000,-1.6818E+001
1995.0000,-4.6513E+000
1996.0000,-1.6996E+001
1997.0000,-3.2077E+001
1998.0000,-3.0765E+001
1999.0000,-2.5711E+001
2000.0000,-5.4306E-001
2001.0000,-3.3812E+001
2002.0000,-1.7158E+001
2003.0000,-4.6704E-002
2004.0000,-3.6457E+000
2005.0000,-1.4871E+000
2006.0000,-4.0719E-001
2007.0000,-1.2518E+001
2008.0000,-1.3376E+001
2009.0000,-8.0838E+000
2010.0000,-1.8148E+001
2011.0000,-2.3306E+001
2012.0000,-7.3530E+000
2013.0000,-5.5715E+001
2014.0000,-3.9729E+001
2015.0000,-5.3582E+001
2016.0000,-1.1434E+001
2017.0000,-3.6513E+001
2018.0000,-2.8751E+001
2019.0000,-2.8541E+001
2020.0000,-1.5570E+001
2021.0000,-3.3434E+001
2022.0000,-2.8634E+001
2023.0000,-1.0272E+001
2024.0000,-2.8541E+001
2025.0000,-5.9869E+000
2026.0000,-5.1358E+000
2027.0000,-4.4457E+001
2028.0000,-5.4873E+001
2029.0000,-5.6255E+001
2030.0000,-5.3068E+001
2031.0000,-5.0881E+001
2032.0000,-4.9764E+001
2033.0000,-3.8128E+001
2034.0000,-1.8430E+001
2035.0000,-2.6843E+001
2036.0000,-4.8631E+001
2037.0000,-3.5404E+001
2038.0000,-3.4825E+001
2039.0000,-2.8808E+001
2040.0000,-3.2082E+001
2041.0000,-1.1022E+001
2042.0000,-1.4240E+001
2043.0000,-1.2013E+001
2044.0000,-3.2378E+001
2045.0000,-3.3027E+001
2046.0000,-6.9114E+001
2047.0000,-3.0345E+001
2048.0000,-3.1773E+001
2049.0000,-6.1259E+000
2050.0000,-2.2949E+001
2051.0000,-3.6510E+001
2052.0000,-4.8868E+001
2053.0000,-4.4367E+001
2054.0000,-2.3476E+001
2055.0000,-3.2415E+001
2056.0000,-2.7903E+001
2057.0000,-2.6107E+001
2058.0000,-2.4230E+001
2059.0000,-4.4371E+001
2060.0000,-6.7254E+001
2061.0000,-6.6543E+001
2062.0000,-6.2560E+001
2063.0000,-2.5900E+001
2064.0000,-5.2313E+001
2065.0000,-7.6073E+001
2066.0000,-6.7613E+001
2067.0000,-6.4391E+001
2068.0000,-3.8596E+001
2069.0000,-3.7244E+001
2070.0000,-2.2226E+001
2071.0000,-3.5829E+001
2072.0000,-5.0389E+001
2073.0000,-2.9705E+001
2074.0000,-5.5330E+001
2075.0000,-4.5690E+001
2076.0000,-4.8889E+001
2077.0000,-5.2913E+001
2078.0000,-1.0989E+001
2079.0000,-5.5094E+000
2080.0000,-2.0601E+001
2081.0000,-3.0846E+000
2082.0000,-5.7934E+001
2083.0000,-3.1908E+001
2084.0000,-1.6017E+001
2085.0000,-3.1577E+001
2086.0000,-3.8945E+001
2087.0000,-2.7471E+001
2088.0000,-1.5625E+001
2089.0000,-1.7361E+001
2090.0000,-1.4160E+001
2091.0000,-4.5673E+001
2092.0000,-5.4931E+001
2093.0000,-6.0769E+001
2094.0000,-5.8588E+001
2095.0000,-5.8350E+001
2096.0000,-3.7693E+001
2097.0000,-7.6772E+001
2098.0000,-3.3759E+001
2099.0000,-2.4138E+000
2100.0000,-1.9163E+001
2101.0000,-4.6469E+001
2102.0000,-8.6078E+001
2103.0000,-9.1150E+001
2104.0000,-5.5534E+001
2105.0000,-7.6732E+001
2106.0000,-6.7713E+001
2107.0000,-6.6721E+001
2108.0000,-4.5199E+001
2109.0000,-1.7385E+001
2110.0000,-1.5002E+002
2111.0000,-7.9976E+001
2112.0000,-9.0609E+001
2113.0000,-8.5097E+001
2114.0000,-1.1182E+002
2115.0000,-5.9935E+001
2116.0000,-6.8021E+001
2117.0000,-6.2073E+001
2118.0000,-3.9606E+001
2119.0000,-5.1900E+001
2120.0000,-9.4783E+001
2121.0000,-8.1641E+001
2122.0000,-5.0640E+001
2123.0000,-5.7795E+001
2124.0000,-8.0184E+001
2125.0000,-7.2564E+001
2126.0000,-4.8339E+001
2127.0000,-8.0854E+001
2128.0000,-8.8026E+001
2129.0000,-1.1274E+002
2130.0000,-1.0400E+002
2131.0000,-5.8703E+001
2132.0000,-5.5738E+001
2133.0000,-4.4908E+001
2134.0000,-5.4384E+001
2135.0000,-5.1404E+001
2136.0000,-1.1161E+002
2137.0000,-9.3006E+001
2138.0000,-1.1124E+002
2139.0000,-4.9254E+001
2140.0000,-6.7060E+001
2141.0000,-1.5946E+002
