"",25.000
123.0000,0.0000E+000
124.0000,-2.9660E+001
125.0000,-3.3076E+001
126.0000,-1.6116E+001
127.0000,3.7922E+001
128.0000,8.0272E+001
129.0000,-2.6580E+001
130.0000,-1.7834E+001
131.0000,4.0934E+001
132.0000,4.9526E+001
133.0000,-3.9343E+001
134.0000,-5.7731E+001
135.0000,-2.8188E+001
136.0000,-5.2758E+001
137.0000,-6.7246E+001
138.0000,-5.1329E+001
139.0000,-1.8775E+001
140.0000,6.7551E+000
141.0000,-3.1271E+001
142.0000,-3.3401E+001
143.0000,-4.5289E+001
144.0000,-5.3656E+001
145.0000,-1.4166E+001
146.0000,1.3216E+001
147.0000,-1.6528E+001
148.0000,-3.6449E+001
149.0000,-5.4397E+001
150.0000,-5.4492E+001
151.0000,-3.0689E+001
152.0000,3.5064E+000
153.0000,-3.9560E+001
154.0000,-6.0582E+001
155.0000,-5.8348E+001
156.0000,-4.6296E+001
157.0000,-6.7924E+001
158.0000,-4.4575E+001
159.0000,-1.0356E+002
160.0000,-9.2680E+001
161.0000,-6.5940E+001
162.0000,-5.0163E+001
163.0000,-1.4259E+002
164.0000,-9.6279E+001
165.0000,-9.7010E+001
166.0000,-3.1156E+001
167.0000,8.5263E+000
168.0000,-2.3762E+000
169.0000,-5.1950E+001
170.0000,-8.5477E+000
171.0000,-4.3863E+001
172.0000,-3.2600E+001
173.0000,-7.3099E+001
174.0000,-1.8911E+001
175.0000,-5.0784E+001
176.0000,-9.7021E+001
177.0000,-1.1968E+002
178.0000,-7.0810E+001
179.0000,-3.6805E+001
180.0000,-2.8416E+001
181.0000,-2.2881E+001
182.0000,-1.0877E+002
183.0000,-1.0516E+002
184.0000,-1.3579E+002
185.0000,-1.5582E+002
186.0000,-8.5951E+001
187.0000,-2.7373E+001
188.0000,-7.6348E+001
189.0000,-1.1767E+002
190.0000,-8.3060E+001
191.0000,-1.4576E+002
192.0000,-9.9725E+001
193.0000,-7.1565E+001
194.0000,-1.0537E+002
195.0000,-1.6839E+002
196.0000,-9.8128E+001
197.0000,-1.1792E+002
198.0000,-1.5285E+002
199.0000,-1.3235E+002
200.0000,-1.5680E+002
201.0000,-1.3296E+002
202.0000,-1.3540E+002
203.0000,-1.4464E+002
204.0000,-1.3442E+002
205.0000,-1.8529E+002
206.0000,-1.2234E+002
207.0000,-7.8621E+001
208.0000,-1.9535E+002
209.0000,-1.3670E+002
210.0000,-9.1143E+001
211.0000,-1.3070E+002
212.0000,-9.7190E+001
213.0000,-1.6186E+002
214.0000,-1.6118E+002
215.0000,-1.0528E+002
216.0000,-1.1318E+002
217.0000,-1.4164E+002
218.0000,-1.6622E+002
219.0000,-1.6732E+002
220.0000,-1.4787E+002
221.0000,-1.6505E+002
222.0000,-1.1697E+002
223.0000,-1.6682E+002
224.0000,-1.8643E+002
225.0000,-1.7122E+002
226.0000,-1.9159E+002
227.0000,-1.2718E+002
228.0000,-6.8416E+001
229.0000,-1.4171E+002
230.0000,-7.8633E+001
231.0000,-8.5429E+001
232.0000,-1.3434E+002
233.0000,-5.9394E+001
234.0000,-7.3860E+001
235.0000,-6.4478E+001
236.0000,-9.0469E+001
237.0000,-6.5356E+001
238.0000,-2.0335E+002
239.0000,-1.6334E+002
240.0000,-1.5580E+002
241.0000,-1.0476E+002
242.0000,-9.1900E+001
243.0000,-1.6211E+002
244.0000,-1.2468E+002
245.0000,-1.2203E+002
246.0000,-2.1813E+002
247.0000,-7.1758E+001
248.0000,-1.5549E+002
249.0000,-1.3421E+002
250.0000,-1.9980E+002
251.0000,-1.8094E+002
252.0000,-1.2283E+002
253.0000,-2.8083E+002
254.0000,-1.9538E+002
255.0000,-1.9855E+002
256.0000,-1.8100E+002
257.0000,-1.4174E+002
258.0000,-1.6769E+002
259.0000,-1.4327E+002
260.0000,-9.0643E+001
261.0000,-1.4690E+002
262.0000,-1.5637E+002
263.0000,-1.0486E+002
264.0000,-1.6462E+002
265.0000,-1.3983E+002
266.0000,-1.2140E+002
267.0000,-1.0793E+002
268.0000,-1.0599E+002
269.0000,-1.0416E+002
270.0000,-6.7076E+001
271.0000,-6.0872E+001
272.0000,-1.2856E+002
273.0000,-1.3571E+002
274.0000,-7.0836E+001
275.0000,-6.2911E+001
276.0000,-2.9664E+002
277.0000,-1.3927E+002
278.0000,-1.2156E+002
279.0000,-1.6751E+002
280.0000,-1.1924E+002
281.0000,-1.1775E+002
282.0000,-1.3520E+002
283.0000,-8.3133E+001
284.0000,-1.1700E+002
285.0000,-5.2391E+001
286.0000,-7.9512E+000
287.0000,-1.1579E+002
288.0000,-4.4896E+001
289.0000,-7.3714E+001
290.0000,-1.1381E+002
291.0000,-7.7720E+001
292.0000,-8.1750E+001
293.0000,-7.7179E+001
294.0000,-9.4621E+001
295.0000,-9.4631E+001
296.0000,-3.1468E+001
297.0000,-3.9200E+001
298.0000,-1.0628E+002
299.0000,-1.1729E+002
300.0000,-3.3732E+001
301.0000,-1.6201E+002
302.0000,-7.0950E+001
303.0000,-1.6655E+002
304.0000,-1.1686E+002
305.0000,-1.1205E+002
306.0000,-1.0538E+002
307.0000,-2.2357E+001
308.0000,-7.9457E+001
309.0000,-4.8905E+001
310.0000,-6.3919E+001
311.0000,-1.1193E+002
312.0000,-7.6122E+001
313.0000,-5.8652E+001
314.0000,-2.9231E+001
315.0000,-1.3600E+002
316.0000,-1.0298E+002
317.0000,-9.1252E+001
318.0000,-8.5771E+001
319.0000,-5.5477E+001
320.0000,-8.5371E+001
321.0000,-1.3524E+002
322.0000,-8.5282E+001
323.0000,-9.3424E+001
324.0000,-7.5881E+001
325.0000,-8.6117E+001
326.0000,-6.1618E+000
327.0000,8.0739E+000
328.0000,-9.2367E+001
329.0000,-4.9498E+001
330.0000,-6.5258E+001
331.0000,-5.6651E+001
332.0000,-3.6043E+001
333.0000,-1.9436E+001
334.0000,-9.4844E+001
335.0000,-5.5758E+001
336.0000,-4.3591E+001
337.0000,-3.8077E+001
338.0000,-3.6371E+001
339.0000,-2.2471E+001
340.0000,-3.0953E+001
341.0000,-3.3001E+001
342.0000,-3.8919E+001
343.0000,-2.5056E+001
344.0000,-2.0832E+001
345.0000,-2.5732E+001
346.0000,-1.7319E+001
347.0000,-4.9554E+000
348.0000,1.0256E+001
349.0000,6.0766E+000
350.0000,-6.0595E+001
351.0000,-3.5619E+001
352.0000,-2.4223E+001
353.0000,-2.2508E+001
354.0000,-1.7301E+001
355.0000,-2.4944E+001
356.0000,-6.4876E-001
357.0000,-3.2694E+000
358.0000,-1.4016E+001
359.0000,-1.1251E+001
360.0000,-1.8859E+000
361.0000,-3.3339E+001
362.0000,-2.9658E+001
363.0000,-5.4254E+001
364.0000,-6.9655E+001
365.0000,-5.6461E+001
366.0000,-2.3617E+001
367.0000,-1.6759E+001
368.0000,-1.2279E+001
369.0000,0.0000E+000
370.0000,0.0000E+000
371.0000,0.0000E+000
372.0000,0.0000E+000
373.0000,0.0000E+000
374.0000,0.0000E+000
375.0000,0.0000E+000
376.0000,0.0000E+000
377.0000,0.0000E+000
378.0000,0.0000E+000
379.0000,0.0000E+000
380.0000,0.0000E+000
381.0000,0.0000E+000
382.0000,0.0000E+000
383.0000,0.0000E+000
384.0000,0.0000E+000
385.0000,0.0000E+000
386.0000,0.0000E+000
387.0000,0.0000E+000
388.0000,0.0000E+000
389.0000,0.0000E+000
390.0000,0.0000E+000
391.0000,0.0000E+000
392.0000,0.0000E+000
393.0000,0.0000E+000
394.0000,0.0000E+000
395.0000,0.0000E+000
396.0000,0.0000E+000
397.0000,0.0000E+000
398.0000,0.0000E+000
399.0000,0.0000E+000
400.0000,0.0000E+000
401.0000,0.0000E+000
402.0000,0.0000E+000
403.0000,0.0000E+000
404.0000,0.0000E+000
405.0000,0.0000E+000
406.0000,0.0000E+000
407.0000,0.0000E+000
408.0000,0.0000E+000
409.0000,0.0000E+000
410.0000,0.0000E+000
411.0000,0.0000E+000
412.0000,0.0000E+000
413.0000,0.0000E+000
414.0000,0.0000E+000
415.0000,0.0000E+000
416.0000,0.0000E+000
417.0000,0.0000E+000
418.0000,0.0000E+000
419.0000,0.0000E+000
420.0000,0.0000E+000
421.0000,0.0000E+000
422.0000,0.0000E+000
423.0000,0.0000E+000
424.0000,0.0000E+000
425.0000,0.0000E+000
426.0000,0.0000E+000
427.0000,0.0000E+000
428.0000,0.0000E+000
429.0000,0.0000E+000
430.0000,0.0000E+000
431.0000,0.0000E+000
432.0000,0.0000E+000
433.0000,0.0000E+000
434.0000,-4.3914E-001
435.0000,0.0000E+000
436.0000,-5.7534E-001
437.0000,2.9626E+000
438.0000,2.3958E-002
439.0000,2.2237E+000
440.0000,3.3875E+000
441.0000,0.0000E+000
442.0000,-1.5217E+000
443.0000,-6.1450E-001
444.0000,1.5103E+000
445.0000,0.0000E+000
446.0000,0.0000E+000
447.0000,0.0000E+000
448.0000,0.0000E+000
449.0000,0.0000E+000
450.0000,0.0000E+000
451.0000,0.0000E+000
452.0000,0.0000E+000
453.0000,-1.6112E+000
454.0000,2.7773E+000
455.0000,-1.9940E-001
456.0000,7.4218E+000
457.0000,-1.0254E+001
458.0000,-2.6282E+001
459.0000,-1.3406E+001
460.0000,-5.9996E+000
461.0000,3.6644E-001
462.0000,-1.0424E-001
463.0000,9.0943E-001
464.0000,1.5408E+001
465.0000,-1.5679E+001
466.0000,-1.1689E+001
467.0000,1.6217E+001
468.0000,-2.2588E+001
469.0000,-1.5773E+001
470.0000,-1.4419E+001
471.0000,-1.3735E+000
472.0000,2.6219E+000
473.0000,-5.3401E+000
474.0000,6.3820E+000
475.0000,-4.7968E+001
476.0000,-5.3140E+001
477.0000,-5.2012E+001
478.0000,-3.1737E+001
479.0000,-3.0383E+001
480.0000,-4.6919E+001
481.0000,-3.2965E+001
482.0000,-1.7382E+001
483.0000,-1.8918E+001
484.0000,-2.5492E+001
485.0000,-1.1011E+001
486.0000,-1.8398E+001
487.0000,-9.0307E+000
488.0000,3.2284E+001
489.0000,1.3287E+000
490.0000,-6.6978E+000
491.0000,2.8453E+001
492.0000,3.4261E+001
493.0000,4.5688E+000
494.0000,-6.4272E+000
495.0000,-1.4348E+001
496.0000,-6.6298E+001
497.0000,-5.1793E+001
498.0000,-6.4699E+001
499.0000,-3.9554E+000
500.0000,-1.5172E+000
501.0000,3.1391E+001
502.0000,4.7445E+000
503.0000,-1.1108E+002
504.0000,-6.6012E+001
505.0000,-8.4009E+001
506.0000,-6.5873E+001
507.0000,-7.6546E+001
508.0000,-3.3254E+001
509.0000,6.3522E+000
510.0000,-1.7196E+000
511.0000,-2.1484E+001
512.0000,-3.1374E+001
513.0000,-3.1428E+001
514.0000,1.4867E+000
515.0000,-1.2731E+002
516.0000,-1.1062E+002
517.0000,-1.0035E+002
518.0000,-7.1343E+001
519.0000,-3.2575E+001
520.0000,-9.6070E+000
521.0000,-8.2150E+001
522.0000,-7.8801E+001
523.0000,-1.9701E+001
524.0000,-5.3414E+001
525.0000,-4.1457E+001
526.0000,-7.2865E+001
527.0000,-1.1865E+002
528.0000,-5.6411E+001
529.0000,2.4230E-001
530.0000,-1.9574E+001
531.0000,-7.0060E+001
532.0000,-8.8254E+001
533.0000,-4.8864E+001
534.0000,-7.9082E+001
535.0000,-1.2758E+002
536.0000,-3.0310E+001
537.0000,-8.8277E+001
538.0000,-9.0064E+001
539.0000,-9.9036E+001
540.0000,-7.0270E+001
541.0000,-6.1051E+001
542.0000,-1.0151E+002
543.0000,-1.4871E+002
544.0000,-6.8379E+001
545.0000,-8.5340E+001
546.0000,-1.0856E+002
547.0000,-1.6224E+002
548.0000,-1.1909E+002
549.0000,-1.1440E+002
550.0000,-1.1506E+002
551.0000,-1.0039E+002
552.0000,-1.3917E+002
553.0000,-1.1460E+002
554.0000,-1.0954E+002
555.0000,-1.1169E+002
556.0000,-1.0735E+002
557.0000,-6.5129E+001
558.0000,-5.2625E+001
559.0000,-9.5511E+001
560.0000,-1.2815E+002
561.0000,-1.6205E+002
562.0000,-4.6690E+001
563.0000,-5.6026E+001
564.0000,-5.1607E+001
565.0000,-1.5721E+002
566.0000,-1.3770E+002
567.0000,-1.1938E+002
568.0000,-1.1299E+002
569.0000,-1.5912E+002
570.0000,-7.1999E+001
571.0000,-9.4139E+001
572.0000,-1.0977E+002
573.0000,-1.1216E+002
574.0000,-4.7388E+001
575.0000,-1.8107E+002
576.0000,-1.5369E+002
577.0000,-1.8772E+002
578.0000,-1.5855E+002
579.0000,-1.3415E+002
580.0000,-1.4013E+002
581.0000,-1.8277E+002
582.0000,-1.3582E+002
583.0000,-1.6220E+002
584.0000,-4.7031E+001
585.0000,-7.6235E+001
586.0000,-7.5987E+001
587.0000,-1.3038E+002
588.0000,-1.5210E+002
589.0000,-1.4597E+002
590.0000,-8.3704E+001
591.0000,-5.8127E+001
592.0000,-1.0381E+002
593.0000,-9.5274E+001
594.0000,-6.0690E+001
595.0000,-8.5737E+001
596.0000,-1.7217E+002
597.0000,-1.5172E+002
598.0000,-1.4560E+002
599.0000,-1.2902E+002
600.0000,-1.9547E+002
601.0000,-1.6127E+002
602.0000,-1.2655E+002
603.0000,-1.5010E+002
604.0000,-1.3140E+002
605.0000,-1.2378E+002
606.0000,-6.2357E+001
607.0000,-9.2105E+001
608.0000,-4.8807E+001
609.0000,-6.0852E+001
610.0000,-7.0473E+001
611.0000,-6.9880E+001
612.0000,-7.2185E+001
613.0000,-7.6893E+001
614.0000,-7.8221E+001
615.0000,-2.5601E+001
616.0000,-1.3498E+002
617.0000,-1.9418E+002
618.0000,-1.7619E+002
619.0000,-1.6572E+002
620.0000,-1.6464E+002
621.0000,-1.6845E+002
622.0000,-1.3829E+002
623.0000,-1.9063E+002
624.0000,-1.1611E+002
625.0000,-2.0100E+001
626.0000,-2.6804E+002
627.0000,-1.1443E+002
628.0000,-1.6084E+002
629.0000,-1.4350E+002
630.0000,-1.0339E+002
631.0000,-1.1288E+002
632.0000,-9.5395E+001
633.0000,-9.5776E+001
634.0000,-1.0933E+002
635.0000,-5.7213E+001
636.0000,-5.8055E+001
637.0000,-1.5639E+002
638.0000,-1.6841E+002
639.0000,-1.6397E+002
640.0000,-1.6298E+002
641.0000,-1.3972E+002
642.0000,-7.7939E+001
643.0000,-4.6806E+001
644.0000,-7.0911E+001
645.0000,-8.9873E+001
646.0000,-1.1394E+002
647.0000,-8.9822E+001
648.0000,-1.7427E+002
649.0000,-1.0961E+002
650.0000,-2.3287E+002
651.0000,-1.3195E+002
652.0000,-1.3821E+002
653.0000,-1.3521E+002
654.0000,-1.4733E+002
655.0000,-1.3782E+002
656.0000,-1.7629E+002
657.0000,-1.0433E+002
658.0000,-3.6408E+001
659.0000,-7.4544E+001
660.0000,-9.1047E+001
661.0000,-3.3750E+001
662.0000,-8.8106E+001
663.0000,-9.0363E+001
664.0000,-7.3558E+001
665.0000,-9.9466E+001
666.0000,-2.1615E+002
667.0000,-7.2374E+001
668.0000,-6.9121E+001
669.0000,-8.7011E+001
670.0000,-4.6624E+001
671.0000,-4.2522E+001
672.0000,-3.6976E+001
673.0000,-1.6845E+001
674.0000,-1.1866E+000
675.0000,-7.6036E+001
676.0000,-1.0193E+002
677.0000,-9.6454E+001
678.0000,-7.1674E+001
679.0000,-6.0557E+001
680.0000,-6.4822E+001
681.0000,-1.8010E+002
682.0000,-8.3861E+001
683.0000,-6.4940E+001
684.0000,-6.3403E+001
685.0000,-4.7653E+001
686.0000,3.0521E+001
687.0000,-6.4186E+001
688.0000,-1.4225E+002
689.0000,-7.0481E+001
690.0000,-1.1452E+002
691.0000,-8.9054E+001
692.0000,-6.9773E+001
693.0000,-6.4345E+001
694.0000,-4.5017E+001
695.0000,-3.7750E+001
696.0000,-6.8464E+001
697.0000,-5.4305E+001
698.0000,-4.2272E+001
699.0000,-3.8181E+001
700.0000,-3.2357E+001
701.0000,-4.3649E+001
702.0000,-4.5201E+001
703.0000,-4.2262E+001
704.0000,-4.1569E+001
705.0000,-2.4711E+001
706.0000,-3.8633E+001
707.0000,-1.1570E+001
708.0000,-3.0764E+001
709.0000,-4.4060E+001
710.0000,-2.0563E+001
711.0000,-1.4803E+000
712.0000,4.3830E+001
713.0000,-3.9124E+001
714.0000,-4.0618E+001
715.0000,-7.0129E+001
716.0000,-9.9081E+001
717.0000,-1.1012E+002
718.0000,-7.9357E+001
719.0000,-1.6111E+001
720.0000,-6.6239E+000
721.0000,-2.3349E+001
722.0000,-5.7577E+001
723.0000,-2.5804E+001
724.0000,-4.1505E+001
725.0000,-2.9834E+001
726.0000,-5.5786E+001
727.0000,-5.6697E+001
728.0000,-2.8597E+001
729.0000,-3.2152E+001
730.0000,-6.3112E+001
731.0000,-4.9609E+001
732.0000,-5.1926E+001
733.0000,-3.7520E+001
734.0000,-4.7948E+001
735.0000,-5.1676E+001
736.0000,-1.8034E+001
737.0000,-9.6436E+000
738.0000,-1.2349E+001
739.0000,-8.9463E+001
740.0000,-6.0722E+001
741.0000,-6.4608E+001
742.0000,-5.1851E+001
743.0000,-2.9778E+001
744.0000,-1.2566E+001
745.0000,-3.1131E+001
746.0000,-6.8479E+001
747.0000,0.0000E+000
748.0000,0.0000E+000
749.0000,0.0000E+000
750.0000,0.0000E+000
751.0000,0.0000E+000
752.0000,0.0000E+000
753.0000,0.0000E+000
754.0000,0.0000E+000
755.0000,0.0000E+000
756.0000,0.0000E+000
757.0000,0.0000E+000
758.0000,0.0000E+000
759.0000,0.0000E+000
760.0000,8.9328E-002
761.0000,0.0000E+000
762.0000,0.0000E+000
763.0000,0.0000E+000
764.0000,0.0000E+000
765.0000,0.0000E+000
766.0000,0.0000E+000
767.0000,0.0000E+000
768.0000,0.0000E+000
769.0000,0.0000E+000
770.0000,0.0000E+000
771.0000,0.0000E+000
772.0000,0.0000E+000
773.0000,0.0000E+000
774.0000,0.0000E+000
775.0000,0.0000E+000
776.0000,0.0000E+000
777.0000,0.0000E+000
778.0000,0.0000E+000
779.0000,7.3917E-001
780.0000,-4.1687E-001
781.0000,0.0000E+000
782.0000,0.0000E+000
783.0000,0.0000E+000
784.0000,0.0000E+000
785.0000,0.0000E+000
786.0000,0.0000E+000
787.0000,0.0000E+000
788.0000,8.7060E-001
789.0000,0.0000E+000
790.0000,0.0000E+000
791.0000,0.0000E+000
792.0000,0.0000E+000
793.0000,0.0000E+000
794.0000,-7.1347E-001
795.0000,0.0000E+000
796.0000,3.8530E+000
797.0000,6.6561E+000
798.0000,1.1173E+001
799.0000,1.8233E+000
800.0000,3.7196E-001
801.0000,-1.5786E+000
802.0000,4.7084E+000
803.0000,7.6151E+000
804.0000,1.6736E+001
805.0000,1.8419E+001
806.0000,-1.5780E+001
807.0000,-9.0397E+000
808.0000,-9.5214E+000
809.0000,-1.4268E+001
810.0000,-1.9438E+001
811.0000,-2.3068E+001
812.0000,4.7694E+000
813.0000,-4.1631E+001
814.0000,-3.5056E+001
815.0000,-2.2366E+001
816.0000,-2.4054E+000
817.0000,-1.1376E+001
818.0000,-1.8585E+001
819.0000,-5.6353E+000
820.0000,4.1717E+000
821.0000,-1.1275E+001
822.0000,-3.8456E+001
823.0000,-3.7865E+001
824.0000,-3.7640E+001
825.0000,-2.3015E+001
826.0000,-2.9258E+001
827.0000,-3.7502E+001
828.0000,-1.6906E+001
829.0000,-6.9013E+001
830.0000,-8.1409E+001
831.0000,-1.1221E+001
832.0000,-4.1145E+001
833.0000,-3.0582E+001
834.0000,-1.7787E+001
835.0000,-1.3306E+001
836.0000,-3.0981E+000
837.0000,9.4712E+000
838.0000,2.4169E+000
839.0000,8.4768E+000
840.0000,3.8921E+000
841.0000,1.2307E+001
842.0000,7.0868E+000
843.0000,-1.5398E+001
844.0000,-2.1218E+001
845.0000,8.4365E+000
846.0000,8.6753E+000
847.0000,-6.0699E+001
848.0000,-5.8252E+001
849.0000,-2.5122E+001
850.0000,-4.1640E+001
851.0000,-3.6460E+001
852.0000,-3.6947E+001
853.0000,-3.1322E+001
854.0000,-8.0685E+000
855.0000,-4.8242E+001
856.0000,-4.4414E+001
857.0000,-6.6420E+000
858.0000,-4.5676E+001
859.0000,-4.2047E+001
860.0000,-2.4218E+001
861.0000,-5.3388E+000
862.0000,1.0019E+001
863.0000,-4.8411E+001
864.0000,-1.2995E+002
865.0000,-7.0881E+001
866.0000,-7.5975E+001
867.0000,-3.6131E+001
868.0000,-5.0223E+001
869.0000,-4.4793E+001
870.0000,-6.4534E+001
871.0000,-2.9245E+001
872.0000,-5.6082E+001
873.0000,-5.5277E+001
874.0000,-4.0419E+001
875.0000,-1.0458E+001
876.0000,-3.4108E+000
877.0000,-6.7450E+000
878.0000,-5.9832E+000
879.0000,-1.1368E+001
880.0000,-4.2131E+001
881.0000,-6.0313E+001
882.0000,-1.6489E+001
883.0000,-8.6801E+001
884.0000,-5.9189E+001
885.0000,-8.5450E+001
886.0000,-5.7299E+001
887.0000,-7.3523E+001
888.0000,-8.7292E+001
889.0000,-1.1383E+002
890.0000,-8.4154E+001
891.0000,-3.2196E+001
892.0000,1.2258E+001
893.0000,-2.2837E+001
894.0000,-1.0057E+002
895.0000,-3.5109E+001
896.0000,-2.8449E+000
897.0000,-7.9882E+001
898.0000,-7.8328E+001
899.0000,-8.8716E+001
900.0000,-1.1814E+002
901.0000,-7.2535E+001
902.0000,-1.3312E+002
903.0000,-1.1634E+002
904.0000,-4.9646E+001
905.0000,-1.3738E+002
906.0000,-1.0107E+002
907.0000,-4.0944E+001
908.0000,-1.3869E+002
909.0000,-1.0375E+002
910.0000,-1.0205E+002
911.0000,-1.4537E+002
912.0000,-1.6173E+002
913.0000,-1.0735E+002
914.0000,-1.4861E+002
915.0000,-1.1555E+002
916.0000,-9.1639E+001
917.0000,-1.9981E+001
918.0000,-3.9906E+001
919.0000,-9.3296E+001
920.0000,-1.2731E+002
921.0000,-1.4679E+002
922.0000,-9.1070E+001
923.0000,-8.3983E+001
924.0000,-1.3977E+002
925.0000,-9.3017E+001
926.0000,-1.0590E+002
927.0000,-1.3319E+002
928.0000,-1.3151E+002
929.0000,-4.6475E+001
930.0000,-8.9250E+001
931.0000,-1.0210E+002
932.0000,-6.8307E+001
933.0000,-2.5578E+001
934.0000,-4.1326E+001
935.0000,-8.0394E+001
936.0000,-1.3145E+002
937.0000,-1.2026E+002
938.0000,-8.6667E+001
939.0000,-1.4334E+002
940.0000,-1.4761E+002
941.0000,-1.3310E+002
942.0000,-1.2938E+002
943.0000,-1.3204E+002
944.0000,-1.3815E+002
945.0000,-8.4362E+001
946.0000,-1.0934E+002
947.0000,-7.1665E+001
948.0000,-1.7606E+002
949.0000,-1.3737E+002
950.0000,-1.3087E+002
951.0000,-1.2804E+002
952.0000,-9.7867E+001
953.0000,-9.9212E+001
954.0000,-3.1583E+001
955.0000,-8.9761E+001
956.0000,-1.1938E+002
957.0000,-1.3593E+002
958.0000,-8.3728E+001
959.0000,-1.3205E+002
960.0000,-7.8041E+001
961.0000,-7.8260E+001
962.0000,-7.3033E+001
963.0000,-2.4141E+002
964.0000,-1.3272E+002
965.0000,-1.8499E+002
966.0000,-1.4817E+002
967.0000,-1.0289E+002
968.0000,-1.5205E+002
969.0000,-1.4602E+002
970.0000,-6.9561E+001
971.0000,-1.0114E+002
972.0000,-7.1646E+001
973.0000,-1.3784E+002
974.0000,-9.4624E+001
975.0000,-1.8320E+002
976.0000,-1.9947E+002
977.0000,-1.6049E+002
978.0000,-1.3232E+002
979.0000,-9.1177E+001
980.0000,-4.4925E+001
981.0000,-5.6346E+001
982.0000,-1.2915E+002
983.0000,-8.3931E+001
984.0000,-2.0302E+002
985.0000,-1.8802E+002
986.0000,-1.5529E+002
987.0000,-1.5333E+002
988.0000,-1.5323E+002
989.0000,-1.1066E+002
990.0000,-9.3039E+001
991.0000,-1.2714E+002
992.0000,-1.1585E+002
993.0000,-7.4959E+001
994.0000,-1.2652E+002
995.0000,-7.9932E+001
996.0000,-6.0130E+001
997.0000,-9.8212E+001
998.0000,-1.2391E+002
999.0000,-1.9865E+002
1000.0000,-2.1687E+002
1001.0000,-1.3442E+002
1002.0000,-1.7481E+002
1003.0000,-1.3903E+002
1004.0000,-8.1685E+001
1005.0000,-8.7598E+001
1006.0000,-7.5546E+001
1007.0000,-8.6118E+001
1008.0000,-1.0162E+002
1009.0000,-8.0137E+001
1010.0000,-7.0734E+001
1011.0000,-1.6487E+002
1012.0000,-1.1848E+002
1013.0000,-1.2374E+002
1014.0000,-9.9542E+001
1015.0000,-1.0353E+002
1016.0000,-1.5572E+002
1017.0000,-1.4503E+002
1018.0000,-1.3190E+002
1019.0000,-5.6488E+000
1020.0000,-2.2454E+001
1021.0000,-1.8707E+001
1022.0000,-1.0798E+002
1023.0000,-9.8104E+001
1024.0000,-1.3152E+002
1025.0000,-1.0967E+002
1026.0000,-8.1292E+001
1027.0000,-1.0513E+002
1028.0000,-8.4213E+001
1029.0000,-1.1243E+002
1030.0000,-8.1657E+001
1031.0000,-9.3003E+001
1032.0000,-1.2646E+001
1033.0000,-7.5717E+001
1034.0000,-9.4211E+001
1035.0000,-4.4232E+001
1036.0000,-5.3174E+001
1037.0000,-5.5196E+001
1038.0000,-7.6145E+001
1039.0000,-6.6652E+001
1040.0000,-5.8388E+001
1041.0000,-6.6621E+001
1042.0000,-5.6263E+001
1043.0000,-8.0840E+001
1044.0000,-9.6477E+001
1045.0000,-1.0606E+002
1046.0000,-7.7772E+001
1047.0000,-1.2842E+002
1048.0000,-8.2544E+001
1049.0000,-5.7456E+001
1050.0000,-4.8110E+001
1051.0000,-7.3161E+001
1052.0000,-2.4153E+001
1053.0000,-2.1642E+002
1054.0000,-1.2812E+002
1055.0000,-8.8838E+001
1056.0000,-8.9004E+001
1057.0000,-8.5439E+001
1058.0000,-5.4576E+001
1059.0000,-5.1903E+001
1060.0000,-5.8699E+001
1061.0000,-5.5056E+001
1062.0000,-6.1636E+001
1063.0000,-3.0646E+001
1064.0000,-4.4161E+001
1065.0000,-6.2966E+001
1066.0000,-4.4069E+001
1067.0000,-4.8658E+001
1068.0000,-4.1341E+001
1069.0000,-6.2128E+001
1070.0000,-5.6788E+001
1071.0000,-1.1386E+002
1072.0000,-1.1062E+002
1073.0000,-7.7928E+001
1074.0000,-7.3440E+001
1075.0000,-5.7452E+001
1076.0000,-6.9391E+001
1077.0000,-5.8399E+001
1078.0000,-8.3543E+001
1079.0000,-1.0415E+002
1080.0000,-5.5766E+001
1081.0000,-3.7868E+001
1082.0000,-1.0771E+002
1083.0000,-7.4584E+001
1084.0000,-9.8921E+001
1085.0000,-4.3504E+001
1086.0000,-3.7239E+001
1087.0000,-4.3639E+001
1088.0000,-1.1027E+001
1089.0000,-2.5179E+001
1090.0000,2.5916E+000
1091.0000,-5.3629E+001
1092.0000,-2.5518E+001
1093.0000,-2.7248E+001
1094.0000,-4.7676E+001
1095.0000,-2.8665E+001
1096.0000,-2.2841E+001
1097.0000,-1.4139E+001
1098.0000,-3.0001E+000
1099.0000,-7.8340E+001
1100.0000,0.0000E+000
1101.0000,0.0000E+000
1102.0000,0.0000E+000
1103.0000,0.0000E+000
1104.0000,0.0000E+000
1105.0000,0.0000E+000
1106.0000,0.0000E+000
1107.0000,0.0000E+000
1108.0000,0.0000E+000
1109.0000,0.0000E+000
1110.0000,0.0000E+000
1111.0000,0.0000E+000
1112.0000,-1.0157E-001
1113.0000,0.0000E+000
1114.0000,0.0000E+000
1115.0000,5.4578E-001
1116.0000,4.6289E-001
1117.0000,3.7372E-001
1118.0000,0.0000E+000
1119.0000,-6.7370E-002
1120.0000,-5.7660E-003
1121.0000,0.0000E+000
1122.0000,0.0000E+000
1123.0000,0.0000E+000
1124.0000,0.0000E+000
1125.0000,0.0000E+000
1126.0000,0.0000E+000
1127.0000,0.0000E+000
1128.0000,0.0000E+000
1129.0000,0.0000E+000
1130.0000,0.0000E+000
1131.0000,0.0000E+000
1132.0000,0.0000E+000
1133.0000,0.0000E+000
1134.0000,0.0000E+000
1135.0000,0.0000E+000
1136.0000,0.0000E+000
1137.0000,0.0000E+000
1138.0000,0.0000E+000
1139.0000,0.0000E+000
1140.0000,0.0000E+000
1141.0000,0.0000E+000
1142.0000,0.0000E+000
1143.0000,0.0000E+000
1144.0000,3.5592E-001
1145.0000,-4.5259E-002
1146.0000,1.1946E+000
1147.0000,1.2538E+001
1148.0000,4.8585E+000
1149.0000,6.2798E+000
1150.0000,-4.7927E-001
1151.0000,0.0000E+000
1152.0000,0.0000E+000
1153.0000,0.0000E+000
1154.0000,-2.5763E-002
1155.0000,3.1518E+000
1156.0000,0.0000E+000
1157.0000,0.0000E+000
1158.0000,0.0000E+000
1159.0000,0.0000E+000
1160.0000,9.4489E+000
1161.0000,1.8776E+002
1162.0000,-4.4749E+001
1163.0000,-4.4777E+001
1164.0000,-7.9515E+001
1165.0000,-8.0969E+001
1166.0000,-5.7101E+001
1167.0000,-2.8152E+001
1168.0000,-3.3804E+001
1169.0000,-4.3840E+001
1170.0000,-3.7867E+001
1171.0000,-1.6455E+001
1172.0000,-7.5333E+000
1173.0000,-9.7312E+000
1174.0000,-4.3168E-001
1175.0000,-1.4199E+000
1176.0000,-4.0264E+001
1177.0000,-3.7394E+001
1178.0000,-3.2823E+000
1179.0000,1.7622E+000
1180.0000,9.3143E+000
1181.0000,1.1117E+001
1182.0000,9.4835E+000
1183.0000,-9.4743E+000
1184.0000,3.6787E-001
1185.0000,-2.3868E+001
1186.0000,-1.4905E+001
1187.0000,-1.4089E+001
1188.0000,5.9659E+000
1189.0000,9.8703E+000
1190.0000,-7.3479E+000
1191.0000,-2.5639E+001
1192.0000,-4.2934E+001
1193.0000,-3.1980E+001
1194.0000,2.1075E+001
1195.0000,5.5958E+001
1196.0000,-1.6810E+000
1197.0000,-1.0611E+001
1198.0000,-8.7747E-002
1199.0000,-7.2703E+000
1200.0000,7.0770E+001
1201.0000,7.5361E+001
1202.0000,-3.2784E+001
1203.0000,-2.2440E+001
1204.0000,1.4676E+001
1205.0000,2.2139E+000
1206.0000,-6.0630E+001
1207.0000,-3.0626E+001
1208.0000,-4.2560E+001
1209.0000,-3.8589E+001
1210.0000,-3.1149E+001
1211.0000,2.4060E+000
1212.0000,-7.0018E+000
1213.0000,-6.2353E+001
1214.0000,-2.5584E+001
1215.0000,-8.6139E+001
1216.0000,-5.9167E+001
1217.0000,-9.6393E+001
1218.0000,-4.3365E+001
1219.0000,-4.8506E+001
1220.0000,-4.1876E+001
1221.0000,-3.2651E+001
1222.0000,-6.1554E+001
1223.0000,-6.3652E+001
1224.0000,-5.2888E+001
1225.0000,-3.6009E+001
1226.0000,-7.6897E+000
1227.0000,-1.1175E+001
1228.0000,-5.1328E+001
1229.0000,-1.3047E+001
1230.0000,-6.3482E+001
1231.0000,7.4913E+000
1232.0000,1.7754E+001
1233.0000,-5.2979E+000
1234.0000,-6.8670E+001
1235.0000,-1.0649E+002
1236.0000,-4.3232E+001
1237.0000,-7.5684E+001
1238.0000,-3.5939E+001
1239.0000,-4.1882E+001
1240.0000,-5.3467E+001
1241.0000,-3.1621E+001
1242.0000,-3.2239E+001
1243.0000,-1.3603E+001
1244.0000,-7.2776E+001
1245.0000,-8.0026E+001
1246.0000,-8.6719E+001
1247.0000,-8.3052E+001
1248.0000,-5.0001E+001
1249.0000,-6.9204E+001
1250.0000,-1.5778E+001
1251.0000,-6.7241E+001
1252.0000,-7.7862E+001
1253.0000,-7.3431E+001
1254.0000,-1.1594E+002
1255.0000,-6.1299E+001
1256.0000,-5.7677E+001
1257.0000,-4.8091E+001
1258.0000,4.0731E+000
1259.0000,2.5963E+000
1260.0000,-2.5773E+000
1261.0000,-1.9421E+001
1262.0000,-8.1451E+001
1263.0000,-4.9731E+000
1264.0000,-4.9757E+001
1265.0000,-1.2007E+002
1266.0000,-1.1790E+002
1267.0000,-1.2275E+002
1268.0000,-7.8726E+001
1269.0000,-9.6119E+001
1270.0000,-1.3631E+002
1271.0000,-1.6379E+002
1272.0000,-1.5551E+002
1273.0000,-1.3322E+002
1274.0000,-1.4726E+002
1275.0000,-2.7891E+001
1276.0000,-4.5336E+001
1277.0000,-8.5655E+001
1278.0000,-9.9944E+001
1279.0000,-8.6717E+001
1280.0000,-9.5444E+001
1281.0000,-8.7123E+001
1282.0000,-5.2207E+001
1283.0000,-5.2730E+001
1284.0000,-1.2278E+002
1285.0000,-1.5812E+002
1286.0000,-8.5686E+001
1287.0000,-6.6385E+001
1288.0000,-4.5907E+001
1289.0000,-7.0607E+001
1290.0000,-1.3606E+002
1291.0000,-1.2413E+002
1292.0000,-8.7557E+001
1293.0000,-1.8852E+002
1294.0000,-1.9727E+002
1295.0000,-5.7447E+001
1296.0000,-7.8387E+001
1297.0000,-1.1279E+002
1298.0000,-6.9538E+001
1299.0000,-8.5303E+001
1300.0000,-1.5098E+002
1301.0000,-1.3888E+002
1302.0000,-1.1349E+002
1303.0000,-1.0386E+002
1304.0000,-1.6377E+002
1305.0000,-1.6936E+002
1306.0000,-1.3484E+002
1307.0000,-1.2246E+002
1308.0000,-1.0802E+002
1309.0000,-1.0893E+002
1310.0000,-1.0879E+002
1311.0000,-2.2506E+002
1312.0000,-1.8072E+002
1313.0000,-1.4057E+002
1314.0000,-8.5030E+001
1315.0000,-1.1066E+002
1316.0000,-1.2516E+002
1317.0000,-1.8023E+002
1318.0000,-1.3910E+002
1319.0000,-1.2196E+002
1320.0000,-1.0454E+002
1321.0000,-9.5660E+001
1322.0000,-9.7972E+001
1323.0000,-1.2517E+002
1324.0000,-6.9261E+001
1325.0000,-1.3598E+002
1326.0000,-1.3063E+002
1327.0000,-1.2148E+002
1328.0000,-8.1579E+001
1329.0000,-8.0060E+001
1330.0000,-1.8417E+002
1331.0000,-1.5411E+002
1332.0000,-1.5503E+002
1333.0000,-1.6253E+002
1334.0000,-2.1007E+002
1335.0000,-7.3187E+001
1336.0000,-9.2733E+001
1337.0000,-1.1442E+002
1338.0000,-9.0976E+001
1339.0000,-1.9819E+002
1340.0000,-1.5457E+002
1341.0000,-1.0962E+002
1342.0000,-1.6057E+002
1343.0000,-1.4544E+002
1344.0000,-1.7497E+002
1345.0000,-1.6122E+002
1346.0000,-9.1837E+001
1347.0000,-1.4883E+002
1348.0000,-1.5092E+002
1349.0000,-1.5498E+002
1350.0000,-1.1163E+002
1351.0000,-7.2838E+001
1352.0000,-1.1018E+002
1353.0000,-1.0075E+002
1354.0000,-9.3195E+001
1355.0000,-4.7262E+001
1356.0000,-9.9148E+001
1357.0000,-7.9943E+001
1358.0000,-9.4201E+001
1359.0000,-1.1909E+001
1360.0000,-5.1856E+001
1361.0000,-7.0123E+001
1362.0000,-7.0179E+001
1363.0000,-1.0793E+002
1364.0000,-1.0027E+002
1365.0000,-1.0581E+002
1366.0000,-1.3537E+002
1367.0000,-1.3057E+002
1368.0000,-1.4400E+002
1369.0000,-1.7722E+002
1370.0000,-1.4294E+002
1371.0000,-1.3178E+002
1372.0000,-1.0250E+001
1373.0000,-1.3416E+002
1374.0000,-6.4917E+001
1375.0000,-1.0284E+002
1376.0000,-1.0135E+002
1377.0000,-6.9664E+001
1378.0000,-1.5302E+002
1379.0000,-1.9603E+002
1380.0000,-7.3312E+001
1381.0000,-7.5591E+001
1382.0000,-9.2930E+001
1383.0000,-6.6483E+001
1384.0000,-1.2385E+002
1385.0000,-1.6966E+002
1386.0000,-1.2776E+002
1387.0000,-9.2892E+001
1388.0000,-9.7967E+001
1389.0000,-1.0938E+002
1390.0000,-4.6187E+001
1391.0000,-8.9191E+001
1392.0000,-1.2887E+002
1393.0000,-1.6031E+002
1394.0000,-1.1239E+002
1395.0000,-1.3873E+002
1396.0000,-1.3679E+002
1397.0000,-9.2746E+001
1398.0000,-1.1441E+002
1399.0000,-1.8832E+002
1400.0000,-1.1726E+002
1401.0000,-5.8335E+001
1402.0000,-1.0597E+002
1403.0000,-9.1844E+001
1404.0000,-4.9639E+001
1405.0000,-1.0408E+002
1406.0000,-8.4279E+001
1407.0000,-8.6937E+001
1408.0000,-8.6234E+001
1409.0000,-1.1694E+002
1410.0000,-1.1534E+002
1411.0000,-5.7967E+001
1412.0000,-6.5597E+001
1413.0000,-6.4335E+001
1414.0000,-6.7920E+001
1415.0000,-1.2187E+002
1416.0000,-6.7837E+001
1417.0000,-1.8252E+001
1418.0000,-1.1778E+002
1419.0000,-7.6498E+001
1420.0000,-6.3077E+001
1421.0000,-1.0379E+002
1422.0000,-9.7823E+001
1423.0000,-6.3475E+001
1424.0000,-2.7692E+001
1425.0000,-4.8191E+001
1426.0000,-1.8732E+001
1427.0000,-2.7397E+001
1428.0000,-6.0604E+001
1429.0000,-6.1634E+001
1430.0000,-3.8895E+001
1431.0000,-3.8170E+001
1432.0000,-3.3312E+001
1433.0000,-2.0389E+001
1434.0000,-3.1565E+001
1435.0000,-8.5732E+001
1436.0000,-9.4186E+001
1437.0000,-7.6423E+001
1438.0000,-4.7968E+001
1439.0000,-5.4733E+001
1440.0000,-3.3077E+001
1441.0000,-9.8631E+001
1442.0000,-5.4241E+001
1443.0000,-3.6664E+001
1444.0000,-4.1125E+001
1445.0000,-4.8645E+001
1446.0000,-2.0870E+001
1447.0000,-9.7601E+000
1448.0000,-2.0783E+001
1449.0000,-3.6620E+001
1450.0000,-3.3369E+001
1451.0000,-2.5762E+001
1452.0000,-3.2255E+001
1453.0000,-3.7828E+001
1454.0000,-4.4171E+001
1455.0000,-7.5265E+001
1456.0000,-5.9084E+001
1457.0000,-4.0169E+001
1458.0000,-3.4577E+001
1459.0000,0.0000E+000
1460.0000,0.0000E+000
1461.0000,0.0000E+000
1462.0000,0.0000E+000
1463.0000,0.0000E+000
1464.0000,0.0000E+000
1465.0000,0.0000E+000
1466.0000,0.0000E+000
1467.0000,0.0000E+000
1468.0000,0.0000E+000
1469.0000,0.0000E+000
1470.0000,0.0000E+000
1471.0000,4.1476E+000
1472.0000,0.0000E+000
1473.0000,0.0000E+000
1474.0000,0.0000E+000
1475.0000,0.0000E+000
1476.0000,0.0000E+000
1477.0000,0.0000E+000
1478.0000,0.0000E+000
1479.0000,0.0000E+000
1480.0000,0.0000E+000
1481.0000,0.0000E+000
1482.0000,-8.8740E-002
1483.0000,0.0000E+000
1484.0000,0.0000E+000
1485.0000,0.0000E+000
1486.0000,0.0000E+000
1487.0000,8.3148E-001
1488.0000,0.0000E+000
1489.0000,0.0000E+000
1490.0000,0.0000E+000
1491.0000,0.0000E+000
1492.0000,0.0000E+000
1493.0000,0.0000E+000
1494.0000,0.0000E+000
1495.0000,0.0000E+000
1496.0000,0.0000E+000
1497.0000,0.0000E+000
1498.0000,0.0000E+000
1499.0000,0.0000E+000
1500.0000,0.0000E+000
1501.0000,0.0000E+000
1502.0000,0.0000E+000
1503.0000,0.0000E+000
1504.0000,0.0000E+000
1505.0000,0.0000E+000
1506.0000,9.9733E-001
1507.0000,0.0000E+000
1508.0000,0.0000E+000
1509.0000,0.0000E+000
1510.0000,0.0000E+000
1511.0000,2.6549E-001
1512.0000,0.0000E+000
1513.0000,0.0000E+000
1514.0000,0.0000E+000
1515.0000,0.0000E+000
1516.0000,3.8447E-001
1517.0000,0.0000E+000
1518.0000,-1.6049E+000
1519.0000,1.2909E+000
1520.0000,6.8034E-001
1521.0000,0.0000E+000
1522.0000,0.0000E+000
1523.0000,0.0000E+000
1524.0000,-6.3678E+000
1525.0000,-8.3849E-001
1526.0000,0.0000E+000
1527.0000,0.0000E+000
1528.0000,0.0000E+000
1529.0000,0.0000E+000
1530.0000,0.0000E+000
1531.0000,-1.3765E+000
1532.0000,0.0000E+000
1533.0000,0.0000E+000
1534.0000,0.0000E+000
1535.0000,0.0000E+000
1536.0000,0.0000E+000
1537.0000,0.0000E+000
1538.0000,-1.8715E+000
1539.0000,0.0000E+000
1540.0000,0.0000E+000
1541.0000,0.0000E+000
1542.0000,0.0000E+000
1543.0000,0.0000E+000
1544.0000,0.0000E+000
1545.0000,0.0000E+000
1546.0000,1.9702E+001
1547.0000,-5.1250E+000
1548.0000,3.6837E-001
1549.0000,-4.3805E+001
1550.0000,-2.6565E+001
1551.0000,-7.3698E+001
1552.0000,-4.1280E+001
1553.0000,-3.0703E+001
1554.0000,-6.7750E+001
1555.0000,-3.3194E+001
1556.0000,-3.0515E+001
1557.0000,-5.8327E+001
1558.0000,-3.7109E+001
1559.0000,-2.7593E+001
1560.0000,-2.6352E+001
1561.0000,-2.9260E+001
1562.0000,1.6898E+000
1563.0000,4.0421E-001
1564.0000,-5.5461E+001
1565.0000,-7.3843E+001
1566.0000,-4.7086E+001
1567.0000,-4.7514E+001
1568.0000,-3.5022E+001
1569.0000,-3.5832E+001
1570.0000,-2.9825E+001
1571.0000,-1.3607E+001
1572.0000,-7.1858E+000
1573.0000,-1.8428E+001
1574.0000,-8.1255E+000
1575.0000,-3.3746E+000
1576.0000,-1.3265E+001
1577.0000,-1.4534E+001
1578.0000,-2.8624E+001
1579.0000,-2.9107E+001
1580.0000,-3.7212E+001
1581.0000,1.5671E+001
1582.0000,5.9696E+001
1583.0000,4.8175E+001
1584.0000,3.1504E+001
1585.0000,-6.7034E+000
1586.0000,-2.9312E+000
1587.0000,-1.5144E+001
1588.0000,-1.9211E+001
1589.0000,-1.4754E+001
1590.0000,-4.7188E+000
1591.0000,-2.8971E+001
1592.0000,-6.0668E+001
1593.0000,-3.2011E+001
1594.0000,5.0908E+000
1595.0000,1.7594E+001
1596.0000,-3.2334E+001
1597.0000,-1.6470E+001
1598.0000,-4.9987E+001
1599.0000,-9.0465E+000
1600.0000,-3.5426E+000
1601.0000,-5.6076E+001
1602.0000,-3.0913E+001
1603.0000,-2.2874E+001
1604.0000,-2.4846E+001
1605.0000,-2.1295E+001
1606.0000,-9.3279E+000
1607.0000,-2.9504E+001
1608.0000,-3.4937E+001
1609.0000,-3.6976E+001
1610.0000,-4.1597E+001
1611.0000,-3.3579E+001
1612.0000,-5.7028E+001
1613.0000,-1.3953E+002
1614.0000,-5.5884E+001
1615.0000,-1.2205E+002
1616.0000,-1.1501E+002
1617.0000,-1.1382E+002
1618.0000,-4.9533E+001
1619.0000,-7.8264E+001
1620.0000,-6.5703E+001
1621.0000,-8.3208E+001
1622.0000,-8.3342E+001
1623.0000,-6.4783E+001
1624.0000,-3.1099E+001
1625.0000,-8.6749E+001
1626.0000,-9.0515E+001
1627.0000,-8.1352E+000
1628.0000,-2.9044E+001
1629.0000,-4.4233E+001
1630.0000,-8.3572E+001
1631.0000,-7.4118E+001
1632.0000,-8.5242E+001
1633.0000,-8.9160E+001
1634.0000,-8.6481E+001
1635.0000,-8.9449E+001
1636.0000,-9.8836E+001
1637.0000,-1.3315E+002
1638.0000,-4.7650E+001
1639.0000,-7.0475E+001
1640.0000,-6.5454E+001
1641.0000,-3.5820E+001
1642.0000,-1.5489E+001
1643.0000,-1.1100E+002
1644.0000,-1.3254E+002
1645.0000,-5.9613E+001
1646.0000,-4.6089E+001
1647.0000,-1.9256E+002
1648.0000,-1.8082E+002
1649.0000,-1.8709E+002
1650.0000,-1.2569E+002
1651.0000,-8.2739E+001
1652.0000,-1.0876E+002
1653.0000,-1.4629E+002
1654.0000,-1.0688E+002
1655.0000,-5.7593E+001
1656.0000,-6.8382E+001
1657.0000,-1.0229E+002
1658.0000,-2.0513E+002
1659.0000,-1.3731E+002
1660.0000,-1.5832E+002
1661.0000,-1.3655E+002
1662.0000,-1.8918E+002
1663.0000,-1.3862E+002
1664.0000,-1.1810E+002
1665.0000,-6.4025E+001
1666.0000,-1.4938E+002
1667.0000,-1.2242E+002
1668.0000,-1.7181E+002
1669.0000,-1.3477E+002
1670.0000,-9.9770E+001
1671.0000,-1.0776E+002
1672.0000,-1.1602E+002
1673.0000,-1.3099E+002
1674.0000,-1.0640E+002
1675.0000,-1.4837E+002
1676.0000,-1.3340E+002
1677.0000,-1.7453E+002
1678.0000,-3.9068E+001
1679.0000,-9.1722E+001
1680.0000,-7.8065E+001
1681.0000,-1.3118E+002
1682.0000,-9.7309E+001
1683.0000,-1.0719E+002
1684.0000,-9.0835E+001
1685.0000,-1.0297E+002
1686.0000,-1.5851E+002
1687.0000,-9.0761E+001
1688.0000,-7.4634E+001
1689.0000,-4.2154E+001
1690.0000,-1.1623E+002
1691.0000,-1.2646E+002
1692.0000,-1.3352E+002
1693.0000,-6.9870E+001
1694.0000,-1.8895E+002
1695.0000,-1.9843E+002
1696.0000,-1.1334E+002
1697.0000,-1.1608E+002
1698.0000,-7.1952E+001
1699.0000,-6.1342E+001
1700.0000,-1.1275E+002
1701.0000,-5.3764E+001
1702.0000,-1.7430E+002
1703.0000,-1.6682E+002
1704.0000,-1.1446E+002
1705.0000,-5.1757E+001
1706.0000,-5.2240E+001
1707.0000,-9.4869E+001
1708.0000,-9.6624E+001
1709.0000,-1.0115E+002
1710.0000,-1.6661E+002
1711.0000,-1.8984E+002
1712.0000,-1.7896E+002
1713.0000,-1.6458E+002
1714.0000,-1.9632E+002
1715.0000,-1.5054E+002
1716.0000,-1.3150E+002
1717.0000,-1.2419E+002
1718.0000,-9.4488E+001
1719.0000,-8.6036E+001
1720.0000,-7.0091E+001
1721.0000,-6.7148E+001
1722.0000,-9.0538E+001
1723.0000,-8.3801E+001
1724.0000,-1.4287E+002
1725.0000,-1.8666E+002
1726.0000,-1.6503E+002
1727.0000,-1.5575E+002
1728.0000,-9.5347E+001
1729.0000,-2.0050E+002
1730.0000,-1.7095E+002
1731.0000,-1.0983E+002
1732.0000,-1.9670E+002
1733.0000,-1.5928E+002
1734.0000,-1.5005E+002
1735.0000,-1.1189E+002
1736.0000,-7.8963E+001
1737.0000,-1.2338E+002
1738.0000,-1.4925E+002
1739.0000,-4.6413E+001
1740.0000,-9.2533E+001
1741.0000,-1.0834E+002
1742.0000,-2.1834E+001
1743.0000,-2.6103E+001
1744.0000,-2.7441E+002
1745.0000,-1.8552E+002
1746.0000,-1.5894E+002
1747.0000,-1.2779E+002
1748.0000,-1.9745E+002
1749.0000,-1.6075E+002
1750.0000,-1.1596E+002
1751.0000,-1.1260E+002
1752.0000,-1.1844E+002
1753.0000,-9.3358E+001
1754.0000,-1.2713E+002
1755.0000,-1.0945E+002
1756.0000,-1.1186E+002
1757.0000,-6.8247E+001
1758.0000,-8.9762E+001
1759.0000,-5.5949E+001
1760.0000,-4.7054E+001
1761.0000,-8.5061E+001
1762.0000,-6.5183E+001
1763.0000,-7.0058E+001
1764.0000,-5.1816E+001
1765.0000,-5.6755E+001
1766.0000,-5.7016E+001
1767.0000,-5.1274E+001
1768.0000,-9.1496E+001
1769.0000,-5.9738E+001
1770.0000,-6.0220E+001
1771.0000,-1.2890E+002
1772.0000,-9.5650E+001
1773.0000,-5.2808E+001
1774.0000,-1.8729E+002
1775.0000,-1.3435E+002
1776.0000,-1.0087E+002
1777.0000,-1.3354E+002
1778.0000,-7.7459E+001
1779.0000,-8.3391E+001
1780.0000,-6.8425E+001
1781.0000,-4.4853E+001
1782.0000,-6.5771E+001
1783.0000,-5.9979E+001
1784.0000,-6.2739E+001
1785.0000,-7.0479E+001
1786.0000,-6.5737E+001
1787.0000,-5.3473E+001
1788.0000,-2.0485E+001
1789.0000,-3.4018E+001
1790.0000,-1.1235E+002
1791.0000,-9.2141E+001
1792.0000,-6.0270E+001
1793.0000,-5.3616E+001
1794.0000,-2.5221E+001
1795.0000,-3.9363E+001
1796.0000,-3.7739E+001
1797.0000,-4.9733E+001
1798.0000,-2.9612E+001
1799.0000,-4.4406E+001
1800.0000,-3.1889E+001
1801.0000,-6.3672E+001
1802.0000,-4.0065E+001
1803.0000,-4.0633E+001
1804.0000,-3.3748E+001
1805.0000,-4.9771E+001
1806.0000,-3.1953E+001
1807.0000,-2.0279E+001
1808.0000,-1.2913E+001
1809.0000,-2.2805E+001
1810.0000,-2.1282E+001
1811.0000,-3.5731E+001
1812.0000,-2.0024E+001
1813.0000,-2.7869E+001
1814.0000,-6.0514E+000
1815.0000,-2.7109E+001
1816.0000,-2.0514E+001
1817.0000,-2.2879E+001
1818.0000,-3.7826E+001
1819.0000,-2.3114E+001
1820.0000,-9.6853E+000
1821.0000,-2.1908E+001
1822.0000,1.0260E+001
1823.0000,-2.7819E+001
1824.0000,-3.1626E+001
1825.0000,-2.3683E+001
1826.0000,-2.5483E+001
1827.0000,-1.9807E+001
1828.0000,-2.9257E+001
1829.0000,-2.2279E+001
1830.0000,-1.6005E+001
1831.0000,-1.4516E+001
1832.0000,-1.2676E+001
1833.0000,-4.6114E+000
1834.0000,-8.0732E+001
1835.0000,-5.4714E+001
1836.0000,-2.7385E+001
1837.0000,-1.7372E+001
1838.0000,-2.5566E+001
1839.0000,-1.4159E+001
1840.0000,-1.1508E+001
1841.0000,-1.7501E+001
1842.0000,-2.0957E+001
1843.0000,-1.8081E+001
1844.0000,0.0000E+000
1845.0000,0.0000E+000
1846.0000,0.0000E+000
1847.0000,0.0000E+000
1848.0000,0.0000E+000
1849.0000,0.0000E+000
1850.0000,0.0000E+000
1851.0000,0.0000E+000
1852.0000,0.0000E+000
1853.0000,0.0000E+000
1854.0000,0.0000E+000
1855.0000,0.0000E+000
1856.0000,0.0000E+000
1857.0000,0.0000E+000
1858.0000,0.0000E+000
1859.0000,8.4989E-001
1860.0000,4.6337E-001
1861.0000,0.0000E+000
1862.0000,0.0000E+000
1863.0000,0.0000E+000
1864.0000,0.0000E+000
1865.0000,0.0000E+000
1866.0000,0.0000E+000
1867.0000,0.0000E+000
1868.0000,0.0000E+000
1869.0000,0.0000E+000
1870.0000,0.0000E+000
1871.0000,0.0000E+000
1872.0000,0.0000E+000
1873.0000,0.0000E+000
1874.0000,0.0000E+000
1875.0000,0.0000E+000
1876.0000,0.0000E+000
1877.0000,0.0000E+000
1878.0000,0.0000E+000
1879.0000,0.0000E+000
1880.0000,0.0000E+000
1881.0000,0.0000E+000
1882.0000,0.0000E+000
1883.0000,0.0000E+000
1884.0000,0.0000E+000
1885.0000,0.0000E+000
1886.0000,0.0000E+000
1887.0000,0.0000E+000
1888.0000,0.0000E+000
1889.0000,0.0000E+000
1890.0000,0.0000E+000
1891.0000,0.0000E+000
1892.0000,0.0000E+000
1893.0000,0.0000E+000
1894.0000,0.0000E+000
1895.0000,0.0000E+000
1896.0000,0.0000E+000
1897.0000,9.1554E-001
1898.0000,9.7078E+000
1899.0000,1.6056E-001
1900.0000,0.0000E+000
1901.0000,0.0000E+000
1902.0000,0.0000E+000
1903.0000,0.0000E+000
1904.0000,-1.5308E+000
1905.0000,-2.3386E-001
1906.0000,-8.2954E-001
1907.0000,0.0000E+000
1908.0000,-1.8326E-001
1909.0000,-1.2224E+000
1910.0000,0.0000E+000
1911.0000,0.0000E+000
1912.0000,6.6344E+000
1913.0000,1.1036E-001
1914.0000,-2.4401E-001
1915.0000,0.0000E+000
1916.0000,0.0000E+000
1917.0000,7.1815E-001
1918.0000,-1.4626E+001
1919.0000,-5.5478E+000
1920.0000,4.7986E+000
1921.0000,1.3940E+001
1922.0000,2.2411E+001
1923.0000,2.5412E+001
1924.0000,1.4334E+001
1925.0000,-2.0104E+001
1926.0000,-3.4316E+001
1927.0000,5.4371E+000
1928.0000,-5.3255E+001
1929.0000,-3.0752E+001
1930.0000,-2.4737E+001
1931.0000,-6.6350E+000
1932.0000,2.4682E+001
1933.0000,6.7571E+001
1934.0000,-2.5899E+001
1935.0000,-3.0422E+001
1936.0000,-2.3438E+001
1937.0000,2.0649E+001
1938.0000,6.3776E+001
1939.0000,-1.5180E+001
1940.0000,-1.5164E+001
1941.0000,2.6073E-001
1942.0000,-3.7345E+001
1943.0000,-4.4233E+001
1944.0000,-4.4715E+001
1945.0000,-1.0586E+001
1946.0000,-3.3455E+001
1947.0000,-1.3505E+001
1948.0000,-1.0797E+001
1949.0000,-1.1149E+001
1950.0000,-2.9246E+001
1951.0000,7.3858E+000
1952.0000,-2.0301E+001
1953.0000,-6.3509E+001
1954.0000,1.4173E+001
1955.0000,-3.9319E+001
1956.0000,-3.3363E+001
1957.0000,-3.8642E+001
1958.0000,-5.2531E+001
1959.0000,-3.0916E+001
1960.0000,-2.5755E+001
1961.0000,-1.9242E+001
1962.0000,7.3859E+000
1963.0000,-5.8306E+001
1964.0000,2.7883E+001
1965.0000,-7.0304E+001
1966.0000,-4.0728E+001
1967.0000,-7.5295E+001
1968.0000,6.1025E+000
1969.0000,-1.7278E+001
1970.0000,4.1670E+001
1971.0000,-1.4941E+001
1972.0000,-2.7351E+001
1973.0000,-6.4490E+000
1974.0000,-1.3926E+001
1975.0000,-1.6703E+001
1976.0000,-1.8763E+001
1977.0000,-2.2420E+001
1978.0000,-6.4978E+001
1979.0000,-7.8911E+001
1980.0000,-7.3129E+001
1981.0000,3.8145E+000
1982.0000,-3.6702E+001
1983.0000,-5.7591E+001
1984.0000,-8.3982E+001
1985.0000,-5.8243E+001
1986.0000,-1.2407E+002
1987.0000,-1.1771E+002
1988.0000,-7.8381E+001
1989.0000,-1.2112E+002
1990.0000,-1.2430E+002
1991.0000,-5.5529E+001
1992.0000,-4.2680E+001
1993.0000,-6.3963E+001
1994.0000,-4.7680E+001
1995.0000,-3.0474E+001
1996.0000,-4.5682E+001
1997.0000,-8.9617E+001
1998.0000,-7.6191E+001
1999.0000,-6.8191E+001
2000.0000,-1.5437E+001
2001.0000,-9.1497E+001
2002.0000,-6.8406E+001
2003.0000,-2.8940E+001
2004.0000,-3.5842E+001
2005.0000,-2.3706E+001
2006.0000,-2.2817E+001
2007.0000,-6.1887E+001
2008.0000,-6.3856E+001
2009.0000,-5.1588E+001
2010.0000,-7.1202E+001
2011.0000,-9.7606E+001
2012.0000,-5.5990E+001
2013.0000,-1.5988E+002
2014.0000,-1.3154E+002
2015.0000,-1.4780E+002
2016.0000,-6.3072E+001
2017.0000,-1.2637E+002
2018.0000,-1.0619E+002
2019.0000,-1.0637E+002
2020.0000,-7.9128E+001
2021.0000,-1.2121E+002
2022.0000,-1.0456E+002
2023.0000,-5.6151E+001
2024.0000,-1.1027E+002
2025.0000,-3.5171E+001
2026.0000,-3.1451E+001
2027.0000,-1.6011E+002
2028.0000,-1.9060E+002
2029.0000,-1.6960E+002
2030.0000,-1.7826E+002
2031.0000,-1.7909E+002
2032.0000,-1.5260E+002
2033.0000,-1.3363E+002
2034.0000,-7.1224E+001
2035.0000,-1.1140E+002
2036.0000,-1.5342E+002
2037.0000,-1.0354E+002
2038.0000,-1.1107E+002
2039.0000,-1.0069E+002
2040.0000,-1.2159E+002
2041.0000,-6.8120E+001
2042.0000,-8.4524E+001
2043.0000,-5.3265E+001
2044.0000,-1.3239E+002
2045.0000,-1.3284E+002
2046.0000,-2.1180E+002
2047.0000,-1.1500E+002
2048.0000,-1.0955E+002
2049.0000,-3.1697E+001
2050.0000,-8.2302E+001
2051.0000,-1.1091E+002
2052.0000,-1.3928E+002
2053.0000,-1.2345E+002
2054.0000,-9.0239E+001
2055.0000,-1.0731E+002
2056.0000,-1.0687E+002
2057.0000,-9.3403E+001
2058.0000,-9.8540E+001
2059.0000,-1.4126E+002
2060.0000,-1.6322E+002
2061.0000,-1.6779E+002
2062.0000,-1.5266E+002
2063.0000,-7.2774E+001
2064.0000,-1.3283E+002
2065.0000,-1.9496E+002
2066.0000,-1.7599E+002
2067.0000,-1.7287E+002
2068.0000,-1.2312E+002
2069.0000,-1.0036E+002
2070.0000,-7.1394E+001
2071.0000,-1.1142E+002
2072.0000,-1.4632E+002
2073.0000,-9.3175E+001
2074.0000,-1.4746E+002
2075.0000,-1.2630E+002
2076.0000,-1.2439E+002
2077.0000,-1.2387E+002
2078.0000,-6.6894E+001
2079.0000,-3.4074E+001
2080.0000,-7.1262E+001
2081.0000,-2.5282E+001
2082.0000,-1.4320E+002
2083.0000,-1.0655E+002
2084.0000,-5.8082E+001
2085.0000,-9.5634E+001
2086.0000,-1.0712E+002
2087.0000,-8.7275E+001
2088.0000,-5.6128E+001
2089.0000,-6.3185E+001
2090.0000,-6.3680E+001
2091.0000,-1.1171E+002
2092.0000,-1.3988E+002
2093.0000,-2.1090E+002
2094.0000,-1.5769E+002
2095.0000,-1.5413E+002
2096.0000,-9.1898E+001
2097.0000,-1.7170E+002
2098.0000,-8.0079E+001
2099.0000,-2.5251E+001
2100.0000,-5.7023E+001
2101.0000,-9.8717E+001
2102.0000,-1.5524E+002
2103.0000,-1.5344E+002
2104.0000,-1.3067E+002
2105.0000,-1.6171E+002
2106.0000,-1.4937E+002
2107.0000,-1.3416E+002
2108.0000,-9.7332E+001
2109.0000,-6.2781E+001
2110.0000,-2.4778E+002
2111.0000,-1.3848E+002
2112.0000,-1.4131E+002
2113.0000,-1.3026E+002
2114.0000,-1.9447E+002
2115.0000,-9.6854E+001
2116.0000,-1.0655E+002
2117.0000,-1.0789E+002
2118.0000,-6.5112E+001
2119.0000,-9.8339E+001
2120.0000,-1.6543E+002
2121.0000,-1.3737E+002
2122.0000,-8.4798E+001
2123.0000,-8.5732E+001
2124.0000,-1.0644E+002
2125.0000,-9.8992E+001
2126.0000,-7.5318E+001
2127.0000,-1.1312E+002
2128.0000,-1.0397E+002
2129.0000,-1.3037E+002
2130.0000,-1.0775E+002
2131.0000,-6.9314E+001
2132.0000,-7.0010E+001
2133.0000,-6.1703E+001
2134.0000,-8.0017E+001
2135.0000,-6.3253E+001
2136.0000,-1.1678E+002
2137.0000,-8.5915E+001
2138.0000,-1.1832E+002
2139.0000,-5.5851E+001
2140.0000,-6.9534E+001
2141.0000,-1.2498E+002
