"",25.000
123.0000,0.0000E+000
124.0000,-3.4264E+002
125.0000,-3.4170E+002
126.0000,-3.4305E+002
127.0000,-3.4608E+002
128.0000,-3.4990E+002
129.0000,-3.5072E+002
130.0000,-3.5551E+002
131.0000,-3.5903E+002
132.0000,-3.6166E+002
133.0000,-3.6102E+002
134.0000,-3.6098E+002
135.0000,-3.5938E+002
136.0000,-3.5921E+002
137.0000,-3.6022E+002
138.0000,-3.6181E+002
139.0000,-3.6206E+002
140.0000,-3.7222E+002
141.0000,-3.6978E+002
142.0000,-3.7043E+002
143.0000,-3.7447E+002
144.0000,-3.7783E+002
145.0000,-3.8156E+002
146.0000,-3.8720E+002
147.0000,-3.9264E+002
148.0000,-3.8831E+002
149.0000,-3.9194E+002
150.0000,-3.9430E+002
151.0000,-3.9773E+002
152.0000,-3.9840E+002
153.0000,-3.9779E+002
154.0000,-3.9665E+002
155.0000,-3.9681E+002
156.0000,-4.0165E+002
157.0000,-4.0592E+002
158.0000,-4.0651E+002
159.0000,-4.0665E+002
160.0000,-4.0916E+002
161.0000,-4.0707E+002
162.0000,-4.0567E+002
163.0000,-4.0457E+002
164.0000,-4.0124E+002
165.0000,-4.0032E+002
166.0000,-3.9718E+002
167.0000,-4.0131E+002
168.0000,-4.0693E+002
169.0000,-4.1243E+002
170.0000,-4.0978E+002
171.0000,-4.1637E+002
172.0000,-4.1574E+002
173.0000,-4.1770E+002
174.0000,-4.2229E+002
175.0000,-4.2753E+002
176.0000,-4.3037E+002
177.0000,-4.3040E+002
178.0000,-4.2613E+002
179.0000,-4.2171E+002
180.0000,-4.2278E+002
181.0000,-4.2508E+002
182.0000,-4.2251E+002
183.0000,-4.1909E+002
184.0000,-4.1923E+002
185.0000,-4.1980E+002
186.0000,-4.1863E+002
187.0000,-4.2110E+002
188.0000,-4.2316E+002
189.0000,-4.2175E+002
190.0000,-4.2327E+002
191.0000,-4.2533E+002
192.0000,-4.2315E+002
193.0000,-4.2812E+002
194.0000,-4.2615E+002
195.0000,-4.2296E+002
196.0000,-4.2299E+002
197.0000,-4.2478E+002
198.0000,-4.2712E+002
199.0000,-4.2573E+002
200.0000,-4.2680E+002
201.0000,-4.2612E+002
202.0000,-4.2776E+002
203.0000,-4.2842E+002
204.0000,-4.2806E+002
205.0000,-4.3017E+002
206.0000,-4.2830E+002
207.0000,-4.3001E+002
208.0000,-4.2808E+002
209.0000,-4.2744E+002
210.0000,-4.2401E+002
211.0000,-4.2757E+002
212.0000,-4.2629E+002
213.0000,-4.3072E+002
214.0000,-4.3103E+002
215.0000,-4.3224E+002
216.0000,-4.3272E+002
217.0000,-4.3245E+002
218.0000,-4.3394E+002
219.0000,-4.2938E+002
220.0000,-4.3058E+002
221.0000,-4.2973E+002
222.0000,-4.3207E+002
223.0000,-4.3227E+002
224.0000,-4.2884E+002
225.0000,-4.2840E+002
226.0000,-4.2631E+002
227.0000,-4.2823E+002
228.0000,-4.2950E+002
229.0000,-4.3125E+002
230.0000,-4.3201E+002
231.0000,-4.3189E+002
232.0000,-4.3357E+002
233.0000,-4.3461E+002
234.0000,-4.3995E+002
235.0000,-4.3961E+002
236.0000,-4.4090E+002
237.0000,-4.4071E+002
238.0000,-4.3994E+002
239.0000,-4.3928E+002
240.0000,-4.3674E+002
241.0000,-4.3541E+002
242.0000,-4.3405E+002
243.0000,-4.3560E+002
244.0000,-4.3434E+002
245.0000,-4.3253E+002
246.0000,-4.3267E+002
247.0000,-4.3415E+002
248.0000,-4.3387E+002
249.0000,-4.3200E+002
250.0000,-4.3030E+002
251.0000,-4.3046E+002
252.0000,-4.3075E+002
253.0000,-4.2834E+002
254.0000,-4.2434E+002
255.0000,-4.2411E+002
256.0000,-4.2186E+002
257.0000,-4.1475E+002
258.0000,-4.1860E+002
259.0000,-4.1182E+002
260.0000,-4.1499E+002
261.0000,-4.1560E+002
262.0000,-4.1346E+002
263.0000,-4.1421E+002
264.0000,-4.1171E+002
265.0000,-4.1019E+002
266.0000,-4.0859E+002
267.0000,-4.0936E+002
268.0000,-4.0804E+002
269.0000,-4.0853E+002
270.0000,-4.0903E+002
271.0000,-4.1051E+002
272.0000,-4.0880E+002
273.0000,-4.0739E+002
274.0000,-4.0674E+002
275.0000,-4.0778E+002
276.0000,-4.0439E+002
277.0000,-4.0087E+002
278.0000,-3.9885E+002
279.0000,-3.9508E+002
280.0000,-3.9613E+002
281.0000,-3.9406E+002
282.0000,-3.9248E+002
283.0000,-3.9108E+002
284.0000,-3.8667E+002
285.0000,-3.8919E+002
286.0000,-3.8997E+002
287.0000,-3.8959E+002
288.0000,-3.8843E+002
289.0000,-3.8801E+002
290.0000,-3.8608E+002
291.0000,-3.8172E+002
292.0000,-3.8327E+002
293.0000,-3.8317E+002
294.0000,-3.8102E+002
295.0000,-3.7911E+002
296.0000,-3.7955E+002
297.0000,-3.7992E+002
298.0000,-3.7899E+002
299.0000,-3.7818E+002
300.0000,-3.7876E+002
301.0000,-3.7695E+002
302.0000,-3.7595E+002
303.0000,-3.7482E+002
304.0000,-3.7170E+002
305.0000,-3.6944E+002
306.0000,-3.6765E+002
307.0000,-3.6693E+002
308.0000,-3.6470E+002
309.0000,-3.6544E+002
310.0000,-3.6411E+002
311.0000,-3.6281E+002
312.0000,-3.6134E+002
313.0000,-3.6029E+002
314.0000,-3.5982E+002
315.0000,-3.5798E+002
316.0000,-3.5556E+002
317.0000,-3.5336E+002
318.0000,-3.5114E+002
319.0000,-3.4955E+002
320.0000,-3.4771E+002
321.0000,-3.4478E+002
322.0000,-3.4224E+002
323.0000,-3.4017E+002
324.0000,-3.3783E+002
325.0000,-3.3591E+002
326.0000,-3.3537E+002
327.0000,-3.3604E+002
328.0000,-3.3473E+002
329.0000,-3.3144E+002
330.0000,-3.3216E+002
331.0000,-3.3024E+002
332.0000,-3.2932E+002
333.0000,-3.2844E+002
334.0000,-3.2676E+002
335.0000,-3.2508E+002
336.0000,-3.2349E+002
337.0000,-3.2223E+002
338.0000,-3.2184E+002
339.0000,-3.2136E+002
340.0000,-3.2043E+002
341.0000,-3.2024E+002
342.0000,-3.2004E+002
343.0000,-3.1917E+002
344.0000,-3.1836E+002
345.0000,-3.1755E+002
346.0000,-3.1719E+002
347.0000,-3.1738E+002
348.0000,-3.1788E+002
349.0000,-3.2070E+002
350.0000,-3.1753E+002
351.0000,-3.1645E+002
352.0000,-3.1550E+002
353.0000,-3.1453E+002
354.0000,-3.1481E+002
355.0000,-3.1481E+002
356.0000,-3.1507E+002
357.0000,-3.1533E+002
358.0000,-3.1509E+002
359.0000,-3.1451E+002
360.0000,-3.1502E+002
361.0000,-3.1469E+002
362.0000,-3.1349E+002
363.0000,-3.1215E+002
364.0000,-3.1015E+002
365.0000,-3.0838E+002
366.0000,-3.0748E+002
367.0000,-3.0674E+002
368.0000,-3.0711E+002
369.0000,0.0000E+000
370.0000,0.0000E+000
371.0000,0.0000E+000
372.0000,0.0000E+000
373.0000,0.0000E+000
374.0000,0.0000E+000
375.0000,0.0000E+000
376.0000,0.0000E+000
377.0000,0.0000E+000
378.0000,0.0000E+000
379.0000,0.0000E+000
380.0000,0.0000E+000
381.0000,0.0000E+000
382.0000,0.0000E+000
383.0000,0.0000E+000
384.0000,0.0000E+000
385.0000,0.0000E+000
386.0000,0.0000E+000
387.0000,0.0000E+000
388.0000,0.0000E+000
389.0000,0.0000E+000
390.0000,0.0000E+000
391.0000,0.0000E+000
392.0000,0.0000E+000
393.0000,0.0000E+000
394.0000,0.0000E+000
395.0000,0.0000E+000
396.0000,0.0000E+000
397.0000,0.0000E+000
398.0000,0.0000E+000
399.0000,0.0000E+000
400.0000,0.0000E+000
401.0000,0.0000E+000
402.0000,0.0000E+000
403.0000,0.0000E+000
404.0000,0.0000E+000
405.0000,0.0000E+000
406.0000,0.0000E+000
407.0000,0.0000E+000
408.0000,0.0000E+000
409.0000,0.0000E+000
410.0000,0.0000E+000
411.0000,0.0000E+000
412.0000,0.0000E+000
413.0000,0.0000E+000
414.0000,0.0000E+000
415.0000,0.0000E+000
416.0000,0.0000E+000
417.0000,0.0000E+000
418.0000,0.0000E+000
419.0000,0.0000E+000
420.0000,0.0000E+000
421.0000,0.0000E+000
422.0000,0.0000E+000
423.0000,0.0000E+000
424.0000,0.0000E+000
425.0000,0.0000E+000
426.0000,0.0000E+000
427.0000,0.0000E+000
428.0000,0.0000E+000
429.0000,0.0000E+000
430.0000,0.0000E+000
431.0000,0.0000E+000
432.0000,0.0000E+000
433.0000,0.0000E+000
434.0000,-3.0932E+002
435.0000,0.0000E+000
436.0000,-3.0932E+002
437.0000,-3.0932E+002
438.0000,-3.0932E+002
439.0000,-3.0932E+002
440.0000,-3.0932E+002
441.0000,0.0000E+000
442.0000,-3.0932E+002
443.0000,-3.0932E+002
444.0000,-3.0932E+002
445.0000,0.0000E+000
446.0000,0.0000E+000
447.0000,0.0000E+000
448.0000,0.0000E+000
449.0000,0.0000E+000
450.0000,0.0000E+000
451.0000,0.0000E+000
452.0000,0.0000E+000
453.0000,-3.0932E+002
454.0000,-3.0932E+002
455.0000,-3.0932E+002
456.0000,-3.0932E+002
457.0000,-3.1958E+002
458.0000,-3.1637E+002
459.0000,-3.1760E+002
460.0000,-3.2040E+002
461.0000,-3.2018E+002
462.0000,-3.2102E+002
463.0000,-3.2307E+002
464.0000,-3.2432E+002
465.0000,-3.2497E+002
466.0000,-3.2631E+002
467.0000,-3.2841E+002
468.0000,-3.2974E+002
469.0000,-3.3315E+002
470.0000,-3.3255E+002
471.0000,-3.3516E+002
472.0000,-3.3778E+002
473.0000,-3.3831E+002
474.0000,-3.3912E+002
475.0000,-3.3922E+002
476.0000,-3.3839E+002
477.0000,-3.3866E+002
478.0000,-3.3894E+002
479.0000,-3.3952E+002
480.0000,-3.3915E+002
481.0000,-3.4092E+002
482.0000,-3.4160E+002
483.0000,-3.4372E+002
484.0000,-3.4641E+002
485.0000,-3.4506E+002
486.0000,-3.4829E+002
487.0000,-3.4894E+002
488.0000,-3.5060E+002
489.0000,-3.5384E+002
490.0000,-3.5337E+002
491.0000,-3.5762E+002
492.0000,-3.5894E+002
493.0000,-3.6295E+002
494.0000,-3.6717E+002
495.0000,-3.6579E+002
496.0000,-3.6526E+002
497.0000,-3.6478E+002
498.0000,-3.6639E+002
499.0000,-3.6670E+002
500.0000,-3.7118E+002
501.0000,-3.7529E+002
502.0000,-3.7431E+002
503.0000,-3.7386E+002
504.0000,-3.7411E+002
505.0000,-3.7411E+002
506.0000,-3.7512E+002
507.0000,-3.7805E+002
508.0000,-3.7984E+002
509.0000,-3.7918E+002
510.0000,-3.8098E+002
511.0000,-3.8190E+002
512.0000,-3.8461E+002
513.0000,-3.8689E+002
514.0000,-3.9058E+002
515.0000,-3.8690E+002
516.0000,-3.8619E+002
517.0000,-3.8705E+002
518.0000,-3.8904E+002
519.0000,-3.9096E+002
520.0000,-3.9709E+002
521.0000,-3.9700E+002
522.0000,-3.9801E+002
523.0000,-3.9959E+002
524.0000,-4.0085E+002
525.0000,-4.0450E+002
526.0000,-4.0659E+002
527.0000,-4.0346E+002
528.0000,-4.0140E+002
529.0000,-4.0564E+002
530.0000,-4.1146E+002
531.0000,-4.1269E+002
532.0000,-4.1525E+002
533.0000,-4.1652E+002
534.0000,-4.1809E+002
535.0000,-4.1568E+002
536.0000,-4.1847E+002
537.0000,-4.2207E+002
538.0000,-4.2124E+002
539.0000,-4.1959E+002
540.0000,-4.2065E+002
541.0000,-4.2542E+002
542.0000,-4.2371E+002
543.0000,-4.2493E+002
544.0000,-4.2453E+002
545.0000,-4.2684E+002
546.0000,-4.2846E+002
547.0000,-4.2732E+002
548.0000,-4.2616E+002
549.0000,-4.2772E+002
550.0000,-4.3078E+002
551.0000,-4.3163E+002
552.0000,-4.3137E+002
553.0000,-4.2889E+002
554.0000,-4.2856E+002
555.0000,-4.2805E+002
556.0000,-4.3025E+002
557.0000,-4.3141E+002
558.0000,-4.3704E+002
559.0000,-4.4154E+002
560.0000,-4.3770E+002
561.0000,-4.3718E+002
562.0000,-4.2712E+002
563.0000,-4.3952E+002
564.0000,-4.4103E+002
565.0000,-4.3913E+002
566.0000,-4.3482E+002
567.0000,-4.3595E+002
568.0000,-4.3365E+002
569.0000,-4.3891E+002
570.0000,-4.3749E+002
571.0000,-4.3997E+002
572.0000,-4.3921E+002
573.0000,-4.4118E+002
574.0000,-4.4219E+002
575.0000,-4.3752E+002
576.0000,-4.3173E+002
577.0000,-4.3294E+002
578.0000,-4.3287E+002
579.0000,-4.3214E+002
580.0000,-4.3207E+002
581.0000,-4.3082E+002
582.0000,-4.3294E+002
583.0000,-4.3268E+002
584.0000,-4.3170E+002
585.0000,-4.3223E+002
586.0000,-4.3373E+002
587.0000,-4.3347E+002
588.0000,-4.3273E+002
589.0000,-4.3229E+002
590.0000,-4.3273E+002
591.0000,-4.3524E+002
592.0000,-4.3715E+002
593.0000,-4.3565E+002
594.0000,-4.3726E+002
595.0000,-4.3645E+002
596.0000,-4.3470E+002
597.0000,-4.3294E+002
598.0000,-4.3232E+002
599.0000,-4.3158E+002
600.0000,-4.3020E+002
601.0000,-4.2788E+002
602.0000,-4.2654E+002
603.0000,-4.2460E+002
604.0000,-4.2269E+002
605.0000,-4.2441E+002
606.0000,-4.2703E+002
607.0000,-4.2772E+002
608.0000,-4.2986E+002
609.0000,-4.3184E+002
610.0000,-4.3216E+002
611.0000,-4.3580E+002
612.0000,-4.3744E+002
613.0000,-4.3630E+002
614.0000,-4.3455E+002
615.0000,-4.3784E+002
616.0000,-4.3447E+002
617.0000,-4.3274E+002
618.0000,-4.3182E+002
619.0000,-4.2482E+002
620.0000,-4.2404E+002
621.0000,-4.1759E+002
622.0000,-4.2591E+002
623.0000,-4.2522E+002
624.0000,-4.2451E+002
625.0000,-4.2489E+002
626.0000,-4.2538E+002
627.0000,-4.1925E+002
628.0000,-4.2160E+002
629.0000,-4.1839E+002
630.0000,-4.2029E+002
631.0000,-4.1974E+002
632.0000,-4.1908E+002
633.0000,-4.1822E+002
634.0000,-4.1743E+002
635.0000,-4.1852E+002
636.0000,-4.1849E+002
637.0000,-4.1105E+002
638.0000,-4.1503E+002
639.0000,-4.0884E+002
640.0000,-4.0884E+002
641.0000,-4.0825E+002
642.0000,-4.0678E+002
643.0000,-4.0602E+002
644.0000,-4.0628E+002
645.0000,-3.9759E+002
646.0000,-4.0519E+002
647.0000,-4.0447E+002
648.0000,-4.0281E+002
649.0000,-4.0187E+002
650.0000,-4.0066E+002
651.0000,-3.9873E+002
652.0000,-3.9469E+002
653.0000,-3.9498E+002
654.0000,-3.9223E+002
655.0000,-3.8996E+002
656.0000,-3.8563E+002
657.0000,-3.8664E+002
658.0000,-3.8639E+002
659.0000,-3.8614E+002
660.0000,-3.8523E+002
661.0000,-3.8468E+002
662.0000,-3.8288E+002
663.0000,-3.8119E+002
664.0000,-3.8192E+002
665.0000,-3.8088E+002
666.0000,-3.7949E+002
667.0000,-3.7723E+002
668.0000,-3.7626E+002
669.0000,-3.7491E+002
670.0000,-3.7376E+002
671.0000,-3.7368E+002
672.0000,-3.7341E+002
673.0000,-3.7359E+002
674.0000,-3.7451E+002
675.0000,-3.7234E+002
676.0000,-3.7160E+002
677.0000,-3.6969E+002
678.0000,-3.6832E+002
679.0000,-3.6638E+002
680.0000,-3.6706E+002
681.0000,-3.6543E+002
682.0000,-3.6300E+002
683.0000,-3.6164E+002
684.0000,-3.6094E+002
685.0000,-3.6025E+002
686.0000,-3.6088E+002
687.0000,-3.6036E+002
688.0000,-3.5825E+002
689.0000,-3.5644E+002
690.0000,-3.5397E+002
691.0000,-3.5171E+002
692.0000,-3.5021E+002
693.0000,-3.4830E+002
694.0000,-3.4794E+002
695.0000,-3.4757E+002
696.0000,-3.4649E+002
697.0000,-3.4331E+002
698.0000,-3.4413E+002
699.0000,-3.4361E+002
700.0000,-3.4259E+002
701.0000,-3.4196E+002
702.0000,-3.4040E+002
703.0000,-3.3911E+002
704.0000,-3.3850E+002
705.0000,-3.3821E+002
706.0000,-3.3771E+002
707.0000,-3.3736E+002
708.0000,-3.3688E+002
709.0000,-3.3683E+002
710.0000,-3.3663E+002
711.0000,-3.3684E+002
712.0000,-3.3818E+002
713.0000,-3.3807E+002
714.0000,-3.3723E+002
715.0000,-3.3708E+002
716.0000,-3.3574E+002
717.0000,-3.3395E+002
718.0000,-3.3205E+002
719.0000,-3.3143E+002
720.0000,-3.3145E+002
721.0000,-3.3095E+002
722.0000,-3.3145E+002
723.0000,-3.3051E+002
724.0000,-3.2974E+002
725.0000,-3.2906E+002
726.0000,-3.2777E+002
727.0000,-3.2703E+002
728.0000,-3.2575E+002
729.0000,-3.2567E+002
730.0000,-3.2446E+002
731.0000,-3.2277E+002
732.0000,-3.2148E+002
733.0000,-3.2072E+002
734.0000,-3.1946E+002
735.0000,-3.1850E+002
736.0000,-3.1820E+002
737.0000,-3.1823E+002
738.0000,-3.1832E+002
739.0000,-3.1740E+002
740.0000,-3.1461E+002
741.0000,-3.1345E+002
742.0000,-3.1123E+002
743.0000,-3.0983E+002
744.0000,-3.0992E+002
745.0000,-3.1001E+002
746.0000,-3.0870E+002
747.0000,0.0000E+000
748.0000,0.0000E+000
749.0000,0.0000E+000
750.0000,0.0000E+000
751.0000,0.0000E+000
752.0000,0.0000E+000
753.0000,0.0000E+000
754.0000,0.0000E+000
755.0000,0.0000E+000
756.0000,0.0000E+000
757.0000,0.0000E+000
758.0000,0.0000E+000
759.0000,0.0000E+000
760.0000,-2.5251E+002
761.0000,0.0000E+000
762.0000,0.0000E+000
763.0000,0.0000E+000
764.0000,0.0000E+000
765.0000,0.0000E+000
766.0000,0.0000E+000
767.0000,0.0000E+000
768.0000,0.0000E+000
769.0000,0.0000E+000
770.0000,0.0000E+000
771.0000,0.0000E+000
772.0000,0.0000E+000
773.0000,0.0000E+000
774.0000,0.0000E+000
775.0000,0.0000E+000
776.0000,0.0000E+000
777.0000,0.0000E+000
778.0000,0.0000E+000
779.0000,-3.0932E+002
780.0000,-3.0932E+002
781.0000,0.0000E+000
782.0000,0.0000E+000
783.0000,0.0000E+000
784.0000,0.0000E+000
785.0000,0.0000E+000
786.0000,0.0000E+000
787.0000,0.0000E+000
788.0000,-3.0932E+002
789.0000,0.0000E+000
790.0000,0.0000E+000
791.0000,0.0000E+000
792.0000,0.0000E+000
793.0000,0.0000E+000
794.0000,-2.5251E+002
795.0000,0.0000E+000
796.0000,-3.0932E+002
797.0000,-3.0932E+002
798.0000,-3.0932E+002
799.0000,-3.0932E+002
800.0000,-3.0932E+002
801.0000,-3.1625E+002
802.0000,-3.1708E+002
803.0000,-3.1573E+002
804.0000,-3.1652E+002
805.0000,-3.1794E+002
806.0000,-3.1916E+002
807.0000,-3.2024E+002
808.0000,-3.2059E+002
809.0000,-3.2079E+002
810.0000,-3.2116E+002
811.0000,-3.2175E+002
812.0000,-3.2290E+002
813.0000,-3.2317E+002
814.0000,-3.2263E+002
815.0000,-3.2298E+002
816.0000,-3.2445E+002
817.0000,-3.2557E+002
818.0000,-3.2545E+002
819.0000,-3.2685E+002
820.0000,-3.2818E+002
821.0000,-3.2923E+002
822.0000,-3.2898E+002
823.0000,-3.2863E+002
824.0000,-3.2964E+002
825.0000,-3.2912E+002
826.0000,-3.2982E+002
827.0000,-3.3116E+002
828.0000,-3.3033E+002
829.0000,-3.2981E+002
830.0000,-3.3015E+002
831.0000,-3.3103E+002
832.0000,-3.3091E+002
833.0000,-3.3241E+002
834.0000,-3.3243E+002
835.0000,-3.3474E+002
836.0000,-3.3555E+002
837.0000,-3.3853E+002
838.0000,-3.4174E+002
839.0000,-3.4521E+002
840.0000,-3.4321E+002
841.0000,-3.4424E+002
842.0000,-3.4726E+002
843.0000,-3.4814E+002
844.0000,-3.4940E+002
845.0000,-3.5028E+002
846.0000,-3.5255E+002
847.0000,-3.5293E+002
848.0000,-3.5291E+002
849.0000,-3.5284E+002
850.0000,-3.5451E+002
851.0000,-3.5352E+002
852.0000,-3.5368E+002
853.0000,-3.5569E+002
854.0000,-3.5611E+002
855.0000,-3.5619E+002
856.0000,-3.5890E+002
857.0000,-3.6213E+002
858.0000,-3.6219E+002
859.0000,-3.6389E+002
860.0000,-3.6251E+002
861.0000,-3.6309E+002
862.0000,-3.6768E+002
863.0000,-3.6870E+002
864.0000,-3.6831E+002
865.0000,-3.6649E+002
866.0000,-3.6757E+002
867.0000,-3.6802E+002
868.0000,-3.6966E+002
869.0000,-3.7166E+002
870.0000,-3.7426E+002
871.0000,-3.7622E+002
872.0000,-3.7918E+002
873.0000,-3.8301E+002
874.0000,-3.8172E+002
875.0000,-3.8602E+002
876.0000,-3.9038E+002
877.0000,-3.9553E+002
878.0000,-3.9714E+002
879.0000,-3.9605E+002
880.0000,-3.9532E+002
881.0000,-3.9958E+002
882.0000,-4.0024E+002
883.0000,-4.0281E+002
884.0000,-4.0341E+002
885.0000,-4.0519E+002
886.0000,-4.0659E+002
887.0000,-4.0449E+002
888.0000,-4.0146E+002
889.0000,-3.9994E+002
890.0000,-4.0194E+002
891.0000,-4.0115E+002
892.0000,-4.0689E+002
893.0000,-4.1298E+002
894.0000,-4.1155E+002
895.0000,-4.1745E+002
896.0000,-4.2020E+002
897.0000,-4.2423E+002
898.0000,-4.2251E+002
899.0000,-4.2548E+002
900.0000,-4.2712E+002
901.0000,-4.2897E+002
902.0000,-4.2689E+002
903.0000,-4.2535E+002
904.0000,-4.2709E+002
905.0000,-4.2847E+002
906.0000,-4.3032E+002
907.0000,-4.3192E+002
908.0000,-4.3158E+002
909.0000,-4.3077E+002
910.0000,-4.2898E+002
911.0000,-4.2917E+002
912.0000,-4.2940E+002
913.0000,-4.2769E+002
914.0000,-4.2767E+002
915.0000,-4.2693E+002
916.0000,-4.2892E+002
917.0000,-4.3521E+002
918.0000,-4.4020E+002
919.0000,-4.4298E+002
920.0000,-4.3742E+002
921.0000,-4.3649E+002
922.0000,-4.3690E+002
923.0000,-4.3676E+002
924.0000,-4.3656E+002
925.0000,-4.3826E+002
926.0000,-4.3531E+002
927.0000,-4.3233E+002
928.0000,-4.3381E+002
929.0000,-4.3385E+002
930.0000,-4.3611E+002
931.0000,-4.3924E+002
932.0000,-4.4099E+002
933.0000,-4.4552E+002
934.0000,-4.5402E+002
935.0000,-4.5212E+002
936.0000,-4.5134E+002
937.0000,-4.4962E+002
938.0000,-4.5175E+002
939.0000,-4.5237E+002
940.0000,-4.5267E+002
941.0000,-4.4355E+002
942.0000,-4.3524E+002
943.0000,-4.4357E+002
944.0000,-4.4864E+002
945.0000,-4.4891E+002
946.0000,-4.5108E+002
947.0000,-4.5348E+002
948.0000,-4.4761E+002
949.0000,-4.3141E+002
950.0000,-4.3594E+002
951.0000,-4.3821E+002
952.0000,-4.4203E+002
953.0000,-4.4799E+002
954.0000,-4.4792E+002
955.0000,-4.4927E+002
956.0000,-4.4219E+002
957.0000,-4.4717E+002
958.0000,-4.4858E+002
959.0000,-4.4914E+002
960.0000,-4.5020E+002
961.0000,-4.5079E+002
962.0000,-4.5172E+002
963.0000,-4.4729E+002
964.0000,-4.1904E+002
965.0000,-4.4134E+002
966.0000,-4.4317E+002
967.0000,-4.4430E+002
968.0000,-4.4098E+002
969.0000,-4.4221E+002
970.0000,-4.4353E+002
971.0000,-4.4522E+002
972.0000,-4.4590E+002
973.0000,-4.4548E+002
974.0000,-4.2772E+002
975.0000,-4.4195E+002
976.0000,-4.3954E+002
977.0000,-4.3137E+002
978.0000,-4.3854E+002
979.0000,-4.3913E+002
980.0000,-4.4073E+002
981.0000,-4.4059E+002
982.0000,-4.3803E+002
983.0000,-4.3865E+002
984.0000,-4.3710E+002
985.0000,-4.3326E+002
986.0000,-4.3433E+002
987.0000,-4.3404E+002
988.0000,-4.3274E+002
989.0000,-4.3137E+002
990.0000,-4.3269E+002
991.0000,-4.3029E+002
992.0000,-4.1778E+002
993.0000,-4.2998E+002
994.0000,-4.3015E+002
995.0000,-4.3032E+002
996.0000,-4.3148E+002
997.0000,-4.2603E+002
998.0000,-4.2988E+002
999.0000,-4.2808E+002
1000.0000,-4.2562E+002
1001.0000,-4.2313E+002
1002.0000,-4.2073E+002
1003.0000,-4.1749E+002
1004.0000,-4.1737E+002
1005.0000,-4.1636E+002
1006.0000,-4.1348E+002
1007.0000,-4.0991E+002
1008.0000,-4.1446E+002
1009.0000,-4.1480E+002
1010.0000,-4.1439E+002
1011.0000,-4.1076E+002
1012.0000,-4.1091E+002
1013.0000,-4.0579E+002
1014.0000,-4.0746E+002
1015.0000,-4.0765E+002
1016.0000,-4.0551E+002
1017.0000,-3.9632E+002
1018.0000,-3.9784E+002
1019.0000,-4.0143E+002
1020.0000,-4.0247E+002
1021.0000,-4.0312E+002
1022.0000,-4.0194E+002
1023.0000,-4.0094E+002
1024.0000,-3.9888E+002
1025.0000,-3.9664E+002
1026.0000,-3.9540E+002
1027.0000,-3.9374E+002
1028.0000,-3.8978E+002
1029.0000,-3.9048E+002
1030.0000,-3.8949E+002
1031.0000,-3.8733E+002
1032.0000,-3.8758E+002
1033.0000,-3.8751E+002
1034.0000,-3.8546E+002
1035.0000,-3.8563E+002
1036.0000,-3.8542E+002
1037.0000,-3.8398E+002
1038.0000,-3.8408E+002
1039.0000,-3.8037E+002
1040.0000,-3.8231E+002
1041.0000,-3.8104E+002
1042.0000,-3.7842E+002
1043.0000,-3.7762E+002
1044.0000,-3.7653E+002
1045.0000,-3.7631E+002
1046.0000,-3.7454E+002
1047.0000,-3.7237E+002
1048.0000,-3.7031E+002
1049.0000,-3.6889E+002
1050.0000,-3.6631E+002
1051.0000,-3.6766E+002
1052.0000,-3.6718E+002
1053.0000,-3.6631E+002
1054.0000,-3.6240E+002
1055.0000,-3.6063E+002
1056.0000,-3.5882E+002
1057.0000,-3.5771E+002
1058.0000,-3.5679E+002
1059.0000,-3.5484E+002
1060.0000,-3.5461E+002
1061.0000,-3.5202E+002
1062.0000,-3.5270E+002
1063.0000,-3.5225E+002
1064.0000,-3.5082E+002
1065.0000,-3.5042E+002
1066.0000,-3.4944E+002
1067.0000,-3.4835E+002
1068.0000,-3.4711E+002
1069.0000,-3.4631E+002
1070.0000,-3.4548E+002
1071.0000,-3.4404E+002
1072.0000,-3.4168E+002
1073.0000,-3.3933E+002
1074.0000,-3.3749E+002
1075.0000,-3.3613E+002
1076.0000,-3.3529E+002
1077.0000,-3.3355E+002
1078.0000,-3.3100E+002
1079.0000,-3.2829E+002
1080.0000,-3.2579E+002
1081.0000,-3.2463E+002
1082.0000,-3.2283E+002
1083.0000,-3.1928E+002
1084.0000,-3.1717E+002
1085.0000,-3.1546E+002
1086.0000,-3.1470E+002
1087.0000,-3.1340E+002
1088.0000,-3.1360E+002
1089.0000,-3.1270E+002
1090.0000,-3.1306E+002
1091.0000,-3.1264E+002
1092.0000,-3.1160E+002
1093.0000,-3.1119E+002
1094.0000,-3.1058E+002
1095.0000,-3.0996E+002
1096.0000,-3.0913E+002
1097.0000,-3.0890E+002
1098.0000,-3.0918E+002
1099.0000,-3.0792E+002
1100.0000,0.0000E+000
1101.0000,0.0000E+000
1102.0000,0.0000E+000
1103.0000,0.0000E+000
1104.0000,0.0000E+000
1105.0000,0.0000E+000
1106.0000,0.0000E+000
1107.0000,0.0000E+000
1108.0000,0.0000E+000
1109.0000,0.0000E+000
1110.0000,0.0000E+000
1111.0000,0.0000E+000
1112.0000,-2.5251E+002
1113.0000,0.0000E+000
1114.0000,0.0000E+000
1115.0000,-3.0932E+002
1116.0000,-3.0932E+002
1117.0000,-3.0932E+002
1118.0000,0.0000E+000
1119.0000,-3.0932E+002
1120.0000,-2.5251E+002
1121.0000,0.0000E+000
1122.0000,0.0000E+000
1123.0000,0.0000E+000
1124.0000,0.0000E+000
1125.0000,0.0000E+000
1126.0000,0.0000E+000
1127.0000,0.0000E+000
1128.0000,0.0000E+000
1129.0000,0.0000E+000
1130.0000,0.0000E+000
1131.0000,0.0000E+000
1132.0000,0.0000E+000
1133.0000,0.0000E+000
1134.0000,0.0000E+000
1135.0000,0.0000E+000
1136.0000,0.0000E+000
1137.0000,0.0000E+000
1138.0000,0.0000E+000
1139.0000,0.0000E+000
1140.0000,0.0000E+000
1141.0000,0.0000E+000
1142.0000,0.0000E+000
1143.0000,0.0000E+000
1144.0000,-3.0932E+002
1145.0000,-3.0932E+002
1146.0000,-3.0932E+002
1147.0000,-3.0932E+002
1148.0000,-3.0932E+002
1149.0000,-3.0932E+002
1150.0000,-3.0932E+002
1151.0000,0.0000E+000
1152.0000,0.0000E+000
1153.0000,0.0000E+000
1154.0000,-3.0932E+002
1155.0000,-3.0932E+002
1156.0000,0.0000E+000
1157.0000,0.0000E+000
1158.0000,0.0000E+000
1159.0000,0.0000E+000
1160.0000,-3.0932E+002
1161.0000,-3.1813E+002
1162.0000,-3.1702E+002
1163.0000,-3.1627E+002
1164.0000,-3.1615E+002
1165.0000,-3.1493E+002
1166.0000,-3.1421E+002
1167.0000,-3.1440E+002
1168.0000,-3.1400E+002
1169.0000,-3.1250E+002
1170.0000,-3.1296E+002
1171.0000,-3.1330E+002
1172.0000,-3.1532E+002
1173.0000,-3.1506E+002
1174.0000,-3.1645E+002
1175.0000,-3.1764E+002
1176.0000,-3.1792E+002
1177.0000,-3.1758E+002
1178.0000,-3.1887E+002
1179.0000,-3.2018E+002
1180.0000,-3.2077E+002
1181.0000,-3.2172E+002
1182.0000,-3.2289E+002
1183.0000,-3.2428E+002
1184.0000,-3.2604E+002
1185.0000,-3.2555E+002
1186.0000,-3.2621E+002
1187.0000,-3.2822E+002
1188.0000,-3.2778E+002
1189.0000,-3.2856E+002
1190.0000,-3.2933E+002
1191.0000,-3.3030E+002
1192.0000,-3.3041E+002
1193.0000,-3.3231E+002
1194.0000,-3.3304E+002
1195.0000,-3.3568E+002
1196.0000,-3.3788E+002
1197.0000,-3.3816E+002
1198.0000,-3.4141E+002
1199.0000,-3.4086E+002
1200.0000,-3.4332E+002
1201.0000,-3.4628E+002
1202.0000,-3.4737E+002
1203.0000,-3.4983E+002
1204.0000,-3.5024E+002
1205.0000,-3.5224E+002
1206.0000,-3.5339E+002
1207.0000,-3.5423E+002
1208.0000,-3.5573E+002
1209.0000,-3.5803E+002
1210.0000,-3.5739E+002
1211.0000,-3.5889E+002
1212.0000,-3.6045E+002
1213.0000,-3.5911E+002
1214.0000,-3.6041E+002
1215.0000,-3.5956E+002
1216.0000,-3.5898E+002
1217.0000,-3.5905E+002
1218.0000,-3.5854E+002
1219.0000,-3.6229E+002
1220.0000,-3.6212E+002
1221.0000,-3.6309E+002
1222.0000,-3.6305E+002
1223.0000,-3.6336E+002
1224.0000,-3.6506E+002
1225.0000,-3.6699E+002
1226.0000,-3.6898E+002
1227.0000,-3.7296E+002
1228.0000,-3.7507E+002
1229.0000,-3.7588E+002
1230.0000,-3.7957E+002
1231.0000,-3.8043E+002
1232.0000,-3.8149E+002
1233.0000,-3.8209E+002
1234.0000,-3.7960E+002
1235.0000,-3.7768E+002
1236.0000,-3.7741E+002
1237.0000,-3.7821E+002
1238.0000,-3.7935E+002
1239.0000,-3.8097E+002
1240.0000,-3.8133E+002
1241.0000,-3.8482E+002
1242.0000,-3.8536E+002
1243.0000,-3.9122E+002
1244.0000,-3.9256E+002
1245.0000,-3.8821E+002
1246.0000,-3.8755E+002
1247.0000,-3.8793E+002
1248.0000,-3.9140E+002
1249.0000,-3.9409E+002
1250.0000,-3.9743E+002
1251.0000,-4.0167E+002
1252.0000,-4.0168E+002
1253.0000,-4.0333E+002
1254.0000,-4.0514E+002
1255.0000,-4.0705E+002
1256.0000,-4.1274E+002
1257.0000,-4.0493E+002
1258.0000,-4.0632E+002
1259.0000,-4.1207E+002
1260.0000,-4.1596E+002
1261.0000,-4.1871E+002
1262.0000,-4.2052E+002
1263.0000,-4.2533E+002
1264.0000,-4.3102E+002
1265.0000,-4.2537E+002
1266.0000,-4.2197E+002
1267.0000,-4.2036E+002
1268.0000,-4.2118E+002
1269.0000,-4.2303E+002
1270.0000,-4.2188E+002
1271.0000,-4.1919E+002
1272.0000,-4.1624E+002
1273.0000,-4.1537E+002
1274.0000,-4.1565E+002
1275.0000,-4.1586E+002
1276.0000,-4.1831E+002
1277.0000,-4.2207E+002
1278.0000,-4.2223E+002
1279.0000,-4.2329E+002
1280.0000,-4.2538E+002
1281.0000,-4.2781E+002
1282.0000,-4.3304E+002
1283.0000,-4.3632E+002
1284.0000,-4.3364E+002
1285.0000,-4.3339E+002
1286.0000,-4.3460E+002
1287.0000,-4.3928E+002
1288.0000,-4.4477E+002
1289.0000,-4.4445E+002
1290.0000,-4.4416E+002
1291.0000,-4.4236E+002
1292.0000,-4.4285E+002
1293.0000,-4.4326E+002
1294.0000,-4.4104E+002
1295.0000,-4.4314E+002
1296.0000,-4.4681E+002
1297.0000,-4.5036E+002
1298.0000,-4.5090E+002
1299.0000,-4.5523E+002
1300.0000,-4.5148E+002
1301.0000,-4.3222E+002
1302.0000,-4.2975E+002
1303.0000,-4.4843E+002
1304.0000,-4.4744E+002
1305.0000,-4.4573E+002
1306.0000,-4.4471E+002
1307.0000,-4.4286E+002
1308.0000,-4.4539E+002
1309.0000,-4.4509E+002
1310.0000,-4.4688E+002
1311.0000,-4.4051E+002
1312.0000,-4.3320E+002
1313.0000,-4.3594E+002
1314.0000,-4.3258E+002
1315.0000,-4.2155E+002
1316.0000,-4.2406E+002
1317.0000,-4.3459E+002
1318.0000,-4.3539E+002
1319.0000,-4.3402E+002
1320.0000,-4.3479E+002
1321.0000,-4.3343E+002
1322.0000,-4.3570E+002
1323.0000,-4.3438E+002
1324.0000,-4.3543E+002
1325.0000,-4.3514E+002
1326.0000,-4.3476E+002
1327.0000,-4.2819E+002
1328.0000,-4.3622E+002
1329.0000,-4.3845E+002
1330.0000,-4.3472E+002
1331.0000,-4.3133E+002
1332.0000,-4.2933E+002
1333.0000,-4.2805E+002
1334.0000,-4.2996E+002
1335.0000,-4.3029E+002
1336.0000,-4.2887E+002
1337.0000,-4.2878E+002
1338.0000,-4.2724E+002
1339.0000,-4.2846E+002
1340.0000,-4.2402E+002
1341.0000,-4.2645E+002
1342.0000,-4.2542E+002
1343.0000,-4.2518E+002
1344.0000,-4.1912E+002
1345.0000,-4.2144E+002
1346.0000,-4.1759E+002
1347.0000,-4.1765E+002
1348.0000,-4.1636E+002
1349.0000,-4.1468E+002
1350.0000,-4.1516E+002
1351.0000,-4.1765E+002
1352.0000,-4.1766E+002
1353.0000,-4.1645E+002
1354.0000,-4.1755E+002
1355.0000,-4.1841E+002
1356.0000,-4.1536E+002
1357.0000,-4.0576E+002
1358.0000,-4.1749E+002
1359.0000,-4.1900E+002
1360.0000,-4.2102E+002
1361.0000,-4.2100E+002
1362.0000,-4.2186E+002
1363.0000,-4.2136E+002
1364.0000,-4.2161E+002
1365.0000,-4.2034E+002
1366.0000,-4.1311E+002
1367.0000,-4.1609E+002
1368.0000,-4.1312E+002
1369.0000,-4.1468E+002
1370.0000,-4.0892E+002
1371.0000,-4.1221E+002
1372.0000,-4.1283E+002
1373.0000,-4.0933E+002
1374.0000,-4.0561E+002
1375.0000,-4.1142E+002
1376.0000,-4.1020E+002
1377.0000,-4.0835E+002
1378.0000,-4.0903E+002
1379.0000,-4.0723E+002
1380.0000,-4.0570E+002
1381.0000,-4.0387E+002
1382.0000,-4.0252E+002
1383.0000,-4.0372E+002
1384.0000,-4.0158E+002
1385.0000,-3.9718E+002
1386.0000,-3.9809E+002
1387.0000,-3.9681E+002
1388.0000,-3.9566E+002
1389.0000,-3.9475E+002
1390.0000,-3.9476E+002
1391.0000,-3.9157E+002
1392.0000,-3.9196E+002
1393.0000,-3.8936E+002
1394.0000,-3.8545E+002
1395.0000,-3.8613E+002
1396.0000,-3.8327E+002
1397.0000,-3.8089E+002
1398.0000,-3.7910E+002
1399.0000,-3.7681E+002
1400.0000,-3.7456E+002
1401.0000,-3.7284E+002
1402.0000,-3.7195E+002
1403.0000,-3.7033E+002
1404.0000,-3.6917E+002
1405.0000,-3.6726E+002
1406.0000,-3.6637E+002
1407.0000,-3.6457E+002
1408.0000,-3.6275E+002
1409.0000,-3.6019E+002
1410.0000,-3.5782E+002
1411.0000,-3.5640E+002
1412.0000,-3.5542E+002
1413.0000,-3.5344E+002
1414.0000,-3.5344E+002
1415.0000,-3.5166E+002
1416.0000,-3.5062E+002
1417.0000,-3.5008E+002
1418.0000,-3.4838E+002
1419.0000,-3.4663E+002
1420.0000,-3.4519E+002
1421.0000,-3.4355E+002
1422.0000,-3.4196E+002
1423.0000,-3.4105E+002
1424.0000,-3.4052E+002
1425.0000,-3.3942E+002
1426.0000,-3.3835E+002
1427.0000,-3.3808E+002
1428.0000,-3.3738E+002
1429.0000,-3.3621E+002
1430.0000,-3.3539E+002
1431.0000,-3.3499E+002
1432.0000,-3.3416E+002
1433.0000,-3.3427E+002
1434.0000,-3.3562E+002
1435.0000,-3.3350E+002
1436.0000,-3.3177E+002
1437.0000,-3.2985E+002
1438.0000,-3.2865E+002
1439.0000,-3.2750E+002
1440.0000,-3.2653E+002
1441.0000,-3.2577E+002
1442.0000,-3.2293E+002
1443.0000,-3.2281E+002
1444.0000,-3.2191E+002
1445.0000,-3.2128E+002
1446.0000,-3.2075E+002
1447.0000,-3.2072E+002
1448.0000,-3.2057E+002
1449.0000,-3.1987E+002
1450.0000,-3.1920E+002
1451.0000,-3.1916E+002
1452.0000,-3.1866E+002
1453.0000,-3.1695E+002
1454.0000,-3.1558E+002
1455.0000,-3.1393E+002
1456.0000,-3.1153E+002
1457.0000,-3.0857E+002
1458.0000,-3.0720E+002
1459.0000,0.0000E+000
1460.0000,0.0000E+000
1461.0000,0.0000E+000
1462.0000,0.0000E+000
1463.0000,0.0000E+000
1464.0000,0.0000E+000
1465.0000,0.0000E+000
1466.0000,0.0000E+000
1467.0000,0.0000E+000
1468.0000,0.0000E+000
1469.0000,0.0000E+000
1470.0000,0.0000E+000
1471.0000,-3.0932E+002
1472.0000,0.0000E+000
1473.0000,0.0000E+000
1474.0000,0.0000E+000
1475.0000,0.0000E+000
1476.0000,0.0000E+000
1477.0000,0.0000E+000
1478.0000,0.0000E+000
1479.0000,0.0000E+000
1480.0000,0.0000E+000
1481.0000,0.0000E+000
1482.0000,-2.5251E+002
1483.0000,0.0000E+000
1484.0000,0.0000E+000
1485.0000,0.0000E+000
1486.0000,0.0000E+000
1487.0000,-3.0932E+002
1488.0000,0.0000E+000
1489.0000,0.0000E+000
1490.0000,0.0000E+000
1491.0000,0.0000E+000
1492.0000,0.0000E+000
1493.0000,0.0000E+000
1494.0000,0.0000E+000
1495.0000,0.0000E+000
1496.0000,0.0000E+000
1497.0000,0.0000E+000
1498.0000,0.0000E+000
1499.0000,0.0000E+000
1500.0000,0.0000E+000
1501.0000,0.0000E+000
1502.0000,0.0000E+000
1503.0000,0.0000E+000
1504.0000,0.0000E+000
1505.0000,0.0000E+000
1506.0000,-3.0932E+002
1507.0000,0.0000E+000
1508.0000,0.0000E+000
1509.0000,0.0000E+000
1510.0000,0.0000E+000
1511.0000,-3.0932E+002
1512.0000,0.0000E+000
1513.0000,0.0000E+000
1514.0000,0.0000E+000
1515.0000,0.0000E+000
1516.0000,-3.0932E+002
1517.0000,0.0000E+000
1518.0000,-3.0932E+002
1519.0000,-3.0932E+002
1520.0000,-3.0932E+002
1521.0000,0.0000E+000
1522.0000,0.0000E+000
1523.0000,0.0000E+000
1524.0000,-3.0932E+002
1525.0000,-3.0932E+002
1526.0000,0.0000E+000
1527.0000,0.0000E+000
1528.0000,0.0000E+000
1529.0000,0.0000E+000
1530.0000,0.0000E+000
1531.0000,-3.0932E+002
1532.0000,0.0000E+000
1533.0000,0.0000E+000
1534.0000,0.0000E+000
1535.0000,0.0000E+000
1536.0000,0.0000E+000
1537.0000,0.0000E+000
1538.0000,-3.0932E+002
1539.0000,0.0000E+000
1540.0000,0.0000E+000
1541.0000,0.0000E+000
1542.0000,0.0000E+000
1543.0000,0.0000E+000
1544.0000,0.0000E+000
1545.0000,0.0000E+000
1546.0000,-3.1410E+002
1547.0000,-3.2104E+002
1548.0000,-3.2240E+002
1549.0000,-3.2385E+002
1550.0000,-3.2262E+002
1551.0000,-3.2232E+002
1552.0000,-3.2248E+002
1553.0000,-3.2324E+002
1554.0000,-3.2307E+002
1555.0000,-3.1966E+002
1556.0000,-3.2308E+002
1557.0000,-3.2241E+002
1558.0000,-3.2201E+002
1559.0000,-3.2139E+002
1560.0000,-3.2337E+002
1561.0000,-3.2442E+002
1562.0000,-3.3377E+002
1563.0000,-3.2755E+002
1564.0000,-3.2721E+002
1565.0000,-3.2658E+002
1566.0000,-3.2627E+002
1567.0000,-3.2567E+002
1568.0000,-3.2652E+002
1569.0000,-3.2598E+002
1570.0000,-3.2646E+002
1571.0000,-3.2774E+002
1572.0000,-3.2819E+002
1573.0000,-3.2969E+002
1574.0000,-3.3120E+002
1575.0000,-3.3322E+002
1576.0000,-3.3356E+002
1577.0000,-3.3529E+002
1578.0000,-3.3567E+002
1579.0000,-3.3668E+002
1580.0000,-3.3752E+002
1581.0000,-3.3948E+002
1582.0000,-3.4251E+002
1583.0000,-3.4686E+002
1584.0000,-3.5088E+002
1585.0000,-3.5020E+002
1586.0000,-3.5202E+002
1587.0000,-3.5364E+002
1588.0000,-3.5564E+002
1589.0000,-3.5870E+002
1590.0000,-3.5949E+002
1591.0000,-3.6200E+002
1592.0000,-3.5889E+002
1593.0000,-3.6100E+002
1594.0000,-3.6417E+002
1595.0000,-3.7194E+002
1596.0000,-3.7229E+002
1597.0000,-3.7740E+002
1598.0000,-3.7770E+002
1599.0000,-3.7892E+002
1600.0000,-3.8498E+002
1601.0000,-3.8122E+002
1602.0000,-3.7965E+002
1603.0000,-3.8517E+002
1604.0000,-3.9092E+002
1605.0000,-3.9503E+002
1606.0000,-3.9819E+002
1607.0000,-4.0524E+002
1608.0000,-4.1213E+002
1609.0000,-4.1878E+002
1610.0000,-4.2176E+002
1611.0000,-4.2017E+002
1612.0000,-4.2199E+002
1613.0000,-4.2282E+002
1614.0000,-4.2121E+002
1615.0000,-4.1119E+002
1616.0000,-4.0945E+002
1617.0000,-4.1090E+002
1618.0000,-4.1116E+002
1619.0000,-4.1603E+002
1620.0000,-4.1408E+002
1621.0000,-4.1784E+002
1622.0000,-4.1363E+002
1623.0000,-4.1244E+002
1624.0000,-4.2051E+002
1625.0000,-4.1731E+002
1626.0000,-4.1989E+002
1627.0000,-4.2035E+002
1628.0000,-4.2664E+002
1629.0000,-4.2986E+002
1630.0000,-4.3224E+002
1631.0000,-4.2731E+002
1632.0000,-4.2514E+002
1633.0000,-4.2282E+002
1634.0000,-4.2041E+002
1635.0000,-4.2458E+002
1636.0000,-4.2803E+002
1637.0000,-4.2455E+002
1638.0000,-4.2444E+002
1639.0000,-4.2809E+002
1640.0000,-4.3298E+002
1641.0000,-4.3568E+002
1642.0000,-4.3823E+002
1643.0000,-4.3681E+002
1644.0000,-4.3788E+002
1645.0000,-4.4161E+002
1646.0000,-4.4504E+002
1647.0000,-4.4644E+002
1648.0000,-4.4154E+002
1649.0000,-4.3964E+002
1650.0000,-4.3073E+002
1651.0000,-4.4137E+002
1652.0000,-4.4356E+002
1653.0000,-4.4302E+002
1654.0000,-4.4169E+002
1655.0000,-4.4525E+002
1656.0000,-4.5016E+002
1657.0000,-4.5239E+002
1658.0000,-4.4904E+002
1659.0000,-4.4654E+002
1660.0000,-4.4273E+002
1661.0000,-4.4280E+002
1662.0000,-4.3917E+002
1663.0000,-4.3590E+002
1664.0000,-4.3428E+002
1665.0000,-4.3615E+002
1666.0000,-4.3751E+002
1667.0000,-4.3807E+002
1668.0000,-4.3508E+002
1669.0000,-4.3407E+002
1670.0000,-4.3505E+002
1671.0000,-4.3492E+002
1672.0000,-4.3855E+002
1673.0000,-4.3787E+002
1674.0000,-4.3426E+002
1675.0000,-4.3757E+002
1676.0000,-4.3960E+002
1677.0000,-4.3787E+002
1678.0000,-4.3722E+002
1679.0000,-4.3919E+002
1680.0000,-4.3795E+002
1681.0000,-4.3987E+002
1682.0000,-4.3900E+002
1683.0000,-4.4026E+002
1684.0000,-4.4203E+002
1685.0000,-4.4314E+002
1686.0000,-4.4440E+002
1687.0000,-4.4357E+002
1688.0000,-4.4435E+002
1689.0000,-4.4832E+002
1690.0000,-4.4707E+002
1691.0000,-4.4707E+002
1692.0000,-4.4380E+002
1693.0000,-4.3960E+002
1694.0000,-4.3951E+002
1695.0000,-4.3569E+002
1696.0000,-4.1807E+002
1697.0000,-4.3546E+002
1698.0000,-4.3878E+002
1699.0000,-4.3915E+002
1700.0000,-4.3901E+002
1701.0000,-4.4168E+002
1702.0000,-4.3734E+002
1703.0000,-4.3497E+002
1704.0000,-4.3823E+002
1705.0000,-4.3835E+002
1706.0000,-4.3969E+002
1707.0000,-4.3958E+002
1708.0000,-4.4094E+002
1709.0000,-4.3846E+002
1710.0000,-4.3534E+002
1711.0000,-4.3706E+002
1712.0000,-4.3449E+002
1713.0000,-4.3090E+002
1714.0000,-4.3237E+002
1715.0000,-4.2948E+002
1716.0000,-4.2952E+002
1717.0000,-4.2841E+002
1718.0000,-4.3041E+002
1719.0000,-4.3115E+002
1720.0000,-4.3303E+002
1721.0000,-4.3362E+002
1722.0000,-4.3222E+002
1723.0000,-4.3154E+002
1724.0000,-4.3247E+002
1725.0000,-4.2723E+002
1726.0000,-4.2535E+002
1727.0000,-4.2432E+002
1728.0000,-4.2466E+002
1729.0000,-4.2431E+002
1730.0000,-4.1593E+002
1731.0000,-4.1809E+002
1732.0000,-4.1779E+002
1733.0000,-4.1450E+002
1734.0000,-4.1291E+002
1735.0000,-4.1120E+002
1736.0000,-4.1221E+002
1737.0000,-4.1329E+002
1738.0000,-4.1104E+002
1739.0000,-4.1046E+002
1740.0000,-4.0632E+002
1741.0000,-4.0797E+002
1742.0000,-4.0890E+002
1743.0000,-4.0981E+002
1744.0000,-4.0864E+002
1745.0000,-4.0435E+002
1746.0000,-4.0172E+002
1747.0000,-3.9940E+002
1748.0000,-3.9791E+002
1749.0000,-3.9471E+002
1750.0000,-3.9200E+002
1751.0000,-3.8966E+002
1752.0000,-3.8647E+002
1753.0000,-3.8617E+002
1754.0000,-3.8301E+002
1755.0000,-3.7965E+002
1756.0000,-3.7957E+002
1757.0000,-3.7816E+002
1758.0000,-3.7680E+002
1759.0000,-3.7618E+002
1760.0000,-3.7583E+002
1761.0000,-3.7445E+002
1762.0000,-3.7356E+002
1763.0000,-3.7200E+002
1764.0000,-3.7222E+002
1765.0000,-3.7039E+002
1766.0000,-3.7079E+002
1767.0000,-3.6986E+002
1768.0000,-3.6893E+002
1769.0000,-3.6828E+002
1770.0000,-3.6739E+002
1771.0000,-3.6627E+002
1772.0000,-3.6431E+002
1773.0000,-3.6072E+002
1774.0000,-3.6065E+002
1775.0000,-3.5824E+002
1776.0000,-3.5669E+002
1777.0000,-3.5465E+002
1778.0000,-3.5215E+002
1779.0000,-3.5027E+002
1780.0000,-3.4864E+002
1781.0000,-3.4773E+002
1782.0000,-3.4667E+002
1783.0000,-3.4509E+002
1784.0000,-3.4387E+002
1785.0000,-3.4248E+002
1786.0000,-3.4112E+002
1787.0000,-3.3973E+002
1788.0000,-3.3949E+002
1789.0000,-3.3889E+002
1790.0000,-3.3799E+002
1791.0000,-3.3600E+002
1792.0000,-3.3422E+002
1793.0000,-3.3336E+002
1794.0000,-3.3269E+002
1795.0000,-3.3128E+002
1796.0000,-3.3150E+002
1797.0000,-3.3087E+002
1798.0000,-3.3033E+002
1799.0000,-3.2985E+002
1800.0000,-3.2902E+002
1801.0000,-3.2783E+002
1802.0000,-3.2660E+002
1803.0000,-3.2547E+002
1804.0000,-3.2430E+002
1805.0000,-3.2298E+002
1806.0000,-3.2225E+002
1807.0000,-3.2175E+002
1808.0000,-3.2147E+002
1809.0000,-3.2067E+002
1810.0000,-3.2014E+002
1811.0000,-3.1965E+002
1812.0000,-3.1870E+002
1813.0000,-3.1827E+002
1814.0000,-3.1833E+002
1815.0000,-3.1833E+002
1816.0000,-3.1745E+002
1817.0000,-3.1721E+002
1818.0000,-3.1687E+002
1819.0000,-3.1584E+002
1820.0000,-3.1578E+002
1821.0000,-3.1604E+002
1822.0000,-3.1641E+002
1823.0000,-3.1608E+002
1824.0000,-3.1556E+002
1825.0000,-3.1467E+002
1826.0000,-3.1478E+002
1827.0000,-3.1387E+002
1828.0000,-3.1317E+002
1829.0000,-3.1273E+002
1830.0000,-3.1220E+002
1831.0000,-3.1192E+002
1832.0000,-3.1206E+002
1833.0000,-3.1212E+002
1834.0000,-3.1155E+002
1835.0000,-3.1007E+002
1836.0000,-3.0899E+002
1837.0000,-3.0866E+002
1838.0000,-3.0887E+002
1839.0000,-3.0802E+002
1840.0000,-3.0801E+002
1841.0000,-3.0762E+002
1842.0000,-3.0672E+002
1843.0000,-3.0679E+002
1844.0000,0.0000E+000
1845.0000,0.0000E+000
1846.0000,0.0000E+000
1847.0000,0.0000E+000
1848.0000,0.0000E+000
1849.0000,0.0000E+000
1850.0000,0.0000E+000
1851.0000,0.0000E+000
1852.0000,0.0000E+000
1853.0000,0.0000E+000
1854.0000,0.0000E+000
1855.0000,0.0000E+000
1856.0000,0.0000E+000
1857.0000,0.0000E+000
1858.0000,0.0000E+000
1859.0000,-2.5251E+002
1860.0000,-3.0932E+002
1861.0000,0.0000E+000
1862.0000,0.0000E+000
1863.0000,0.0000E+000
1864.0000,0.0000E+000
1865.0000,0.0000E+000
1866.0000,0.0000E+000
1867.0000,0.0000E+000
1868.0000,0.0000E+000
1869.0000,0.0000E+000
1870.0000,0.0000E+000
1871.0000,0.0000E+000
1872.0000,0.0000E+000
1873.0000,0.0000E+000
1874.0000,0.0000E+000
1875.0000,0.0000E+000
1876.0000,0.0000E+000
1877.0000,0.0000E+000
1878.0000,0.0000E+000
1879.0000,0.0000E+000
1880.0000,0.0000E+000
1881.0000,0.0000E+000
1882.0000,0.0000E+000
1883.0000,0.0000E+000
1884.0000,0.0000E+000
1885.0000,0.0000E+000
1886.0000,0.0000E+000
1887.0000,0.0000E+000
1888.0000,0.0000E+000
1889.0000,0.0000E+000
1890.0000,0.0000E+000
1891.0000,0.0000E+000
1892.0000,0.0000E+000
1893.0000,0.0000E+000
1894.0000,0.0000E+000
1895.0000,0.0000E+000
1896.0000,0.0000E+000
1897.0000,-3.0932E+002
1898.0000,-3.0932E+002
1899.0000,-3.0932E+002
1900.0000,0.0000E+000
1901.0000,0.0000E+000
1902.0000,0.0000E+000
1903.0000,0.0000E+000
1904.0000,-3.0932E+002
1905.0000,-3.0932E+002
1906.0000,-3.0932E+002
1907.0000,0.0000E+000
1908.0000,-3.0932E+002
1909.0000,-3.0932E+002
1910.0000,0.0000E+000
1911.0000,0.0000E+000
1912.0000,-3.0932E+002
1913.0000,-3.0932E+002
1914.0000,-3.0932E+002
1915.0000,0.0000E+000
1916.0000,0.0000E+000
1917.0000,-3.0932E+002
1918.0000,-3.1504E+002
1919.0000,-3.1583E+002
1920.0000,-3.1652E+002
1921.0000,-3.1780E+002
1922.0000,-3.1987E+002
1923.0000,-3.2095E+002
1924.0000,-3.2342E+002
1925.0000,-3.2462E+002
1926.0000,-3.2467E+002
1927.0000,-3.2524E+002
1928.0000,-3.2533E+002
1929.0000,-3.2592E+002
1930.0000,-3.2603E+002
1931.0000,-3.3050E+002
1932.0000,-3.2952E+002
1933.0000,-3.3153E+002
1934.0000,-3.3239E+002
1935.0000,-3.3373E+002
1936.0000,-3.3484E+002
1937.0000,-3.3676E+002
1938.0000,-3.3959E+002
1939.0000,-3.4077E+002
1940.0000,-3.4251E+002
1941.0000,-3.4398E+002
1942.0000,-3.4388E+002
1943.0000,-3.4426E+002
1944.0000,-3.4459E+002
1945.0000,-3.4581E+002
1946.0000,-3.4556E+002
1947.0000,-3.4700E+002
1948.0000,-3.4839E+002
1949.0000,-3.5005E+002
1950.0000,-3.5300E+002
1951.0000,-3.5564E+002
1952.0000,-3.5749E+002
1953.0000,-3.5456E+002
1954.0000,-3.5336E+002
1955.0000,-3.5404E+002
1956.0000,-3.5643E+002
1957.0000,-3.5622E+002
1958.0000,-3.5626E+002
1959.0000,-3.5853E+002
1960.0000,-3.6124E+002
1961.0000,-3.6534E+002
1962.0000,-3.6719E+002
1963.0000,-3.6729E+002
1964.0000,-3.6796E+002
1965.0000,-3.6637E+002
1966.0000,-3.6769E+002
1967.0000,-3.6681E+002
1968.0000,-3.6953E+002
1969.0000,-3.7104E+002
1970.0000,-3.7296E+002
1971.0000,-3.7760E+002
1972.0000,-3.8192E+002
1973.0000,-3.8070E+002
1974.0000,-3.8185E+002
1975.0000,-3.8762E+002
1976.0000,-3.9339E+002
1977.0000,-3.9469E+002
1978.0000,-3.9531E+002
1979.0000,-3.9407E+002
1980.0000,-3.9737E+002
1981.0000,-3.9778E+002
1982.0000,-4.0463E+002
1983.0000,-4.0992E+002
1984.0000,-4.1106E+002
1985.0000,-4.1034E+002
1986.0000,-4.1180E+002
1987.0000,-4.0548E+002
1988.0000,-4.0570E+002
1989.0000,-4.0298E+002
1990.0000,-3.9999E+002
1991.0000,-3.9681E+002
1992.0000,-3.9968E+002
1993.0000,-3.9851E+002
1994.0000,-4.0454E+002
1995.0000,-4.0628E+002
1996.0000,-4.0743E+002
1997.0000,-4.0980E+002
1998.0000,-4.0982E+002
1999.0000,-4.0895E+002
2000.0000,-4.1121E+002
2001.0000,-4.1153E+002
2002.0000,-4.1255E+002
2003.0000,-4.1661E+002
2004.0000,-4.2156E+002
2005.0000,-4.2686E+002
2006.0000,-4.3633E+002
2007.0000,-4.3763E+002
2008.0000,-4.4143E+002
2009.0000,-4.4557E+002
2010.0000,-4.4830E+002
2011.0000,-4.4857E+002
2012.0000,-4.5489E+002
2013.0000,-4.4428E+002
2014.0000,-4.4151E+002
2015.0000,-4.3318E+002
2016.0000,-4.4312E+002
2017.0000,-4.4348E+002
2018.0000,-4.4187E+002
2019.0000,-4.4258E+002
2020.0000,-4.4737E+002
2021.0000,-4.4785E+002
2022.0000,-4.4696E+002
2023.0000,-4.5031E+002
2024.0000,-4.5266E+002
2025.0000,-4.5175E+002
2026.0000,-4.5703E+002
2027.0000,-4.5866E+002
2028.0000,-4.5621E+002
2029.0000,-4.3782E+002
2030.0000,-4.4826E+002
2031.0000,-4.4756E+002
2032.0000,-4.4459E+002
2033.0000,-4.4378E+002
2034.0000,-4.4409E+002
2035.0000,-4.4612E+002
2036.0000,-4.4573E+002
2037.0000,-4.2888E+002
2038.0000,-4.3357E+002
2039.0000,-4.3177E+002
2040.0000,-4.3871E+002
2041.0000,-4.4413E+002
2042.0000,-4.4761E+002
2043.0000,-4.4765E+002
2044.0000,-4.4697E+002
2045.0000,-4.4625E+002
2046.0000,-4.4391E+002
2047.0000,-4.2656E+002
2048.0000,-4.4072E+002
2049.0000,-4.4451E+002
2050.0000,-4.4406E+002
2051.0000,-4.4214E+002
2052.0000,-4.3879E+002
2053.0000,-4.3006E+002
2054.0000,-4.3437E+002
2055.0000,-4.3970E+002
2056.0000,-4.3950E+002
2057.0000,-4.4013E+002
2058.0000,-4.4142E+002
2059.0000,-4.3920E+002
2060.0000,-4.3486E+002
2061.0000,-4.3684E+002
2062.0000,-4.2866E+002
2063.0000,-4.2089E+002
2064.0000,-4.3216E+002
2065.0000,-4.3184E+002
2066.0000,-4.3059E+002
2067.0000,-4.2957E+002
2068.0000,-4.2656E+002
2069.0000,-4.2507E+002
2070.0000,-4.2109E+002
2071.0000,-4.2905E+002
2072.0000,-4.2825E+002
2073.0000,-4.2727E+002
2074.0000,-4.2730E+002
2075.0000,-4.2710E+002
2076.0000,-4.2659E+002
2077.0000,-4.2496E+002
2078.0000,-4.2485E+002
2079.0000,-4.2819E+002
2080.0000,-4.2901E+002
2081.0000,-4.2825E+002
2082.0000,-4.2468E+002
2083.0000,-4.2598E+002
2084.0000,-4.2825E+002
2085.0000,-4.2863E+002
2086.0000,-4.2760E+002
2087.0000,-4.2716E+002
2088.0000,-4.2754E+002
2089.0000,-4.2932E+002
2090.0000,-4.2772E+002
2091.0000,-4.2631E+002
2092.0000,-4.2348E+002
2093.0000,-4.2441E+002
2094.0000,-4.2333E+002
2095.0000,-4.2026E+002
2096.0000,-4.2106E+002
2097.0000,-4.1824E+002
2098.0000,-4.1902E+002
2099.0000,-4.1994E+002
2100.0000,-4.2125E+002
2101.0000,-4.1844E+002
2102.0000,-4.1361E+002
2103.0000,-4.1311E+002
2104.0000,-4.1228E+002
2105.0000,-4.0835E+002
2106.0000,-4.0559E+002
2107.0000,-4.0619E+002
2108.0000,-4.0415E+002
2109.0000,-4.0506E+002
2110.0000,-4.0261E+002
2111.0000,-3.9939E+002
2112.0000,-3.9664E+002
2113.0000,-3.9477E+002
2114.0000,-3.9261E+002
2115.0000,-3.9103E+002
2116.0000,-3.8690E+002
2117.0000,-3.8608E+002
2118.0000,-3.8722E+002
2119.0000,-3.8629E+002
2120.0000,-3.8474E+002
2121.0000,-3.8264E+002
2122.0000,-3.8104E+002
2123.0000,-3.8052E+002
2124.0000,-3.7783E+002
2125.0000,-3.7673E+002
2126.0000,-3.7634E+002
2127.0000,-3.7530E+002
2128.0000,-3.7356E+002
2129.0000,-3.7160E+002
2130.0000,-3.6897E+002
2131.0000,-3.6702E+002
2132.0000,-3.6553E+002
2133.0000,-3.6446E+002
2134.0000,-3.6265E+002
2135.0000,-3.6195E+002
2136.0000,-3.6037E+002
2137.0000,-3.5792E+002
2138.0000,-3.5572E+002
2139.0000,-3.5470E+002
2140.0000,-3.5347E+002
2141.0000,-3.5071E+002
